0	file:/C:/mallet/mydata/der_himmel_kennt_keine_gunstlinge/Der-Himmel-kennt-keine-G├╝nstlinge-Erich-Maria-Remarque%20.txt	1.5615368310242694E-4	2.7694687197118853E-4	0.47860656188265543	1.7154591567341196E-4	0.0370402189222912	0.029639345977502948	0.45410922674680326
1	file:/C:/mallet/mydata/der_himmel_kennt_keine_gunstlinge/Der-Himmel-kennt-keine-G├╝nstlinge-Erich-Maria-Remarque%20_1.txt	1.519594076327535E-4	2.6950810108578065E-4	0.259825172820682	1.6693820606492513E-4	0.09871846876950575	1.926539448033207E-4	0.6406752987502254
2	file:/C:/mallet/mydata/der_himmel_kennt_keine_gunstlinge/Der-Himmel-kennt-keine-G├╝nstlinge-Erich-Maria-Remarque%20_10.txt	1.4876280203760057E-4	0.363133419353916	1.7550612820056098E-4	1.634265076984667E-4	2.2721231785948027E-4	1.8860129227275214E-4	0.6359630715980151
3	file:/C:/mallet/mydata/der_himmel_kennt_keine_gunstlinge/Der-Himmel-kennt-keine-G├╝nstlinge-Erich-Maria-Remarque%20_11.txt	0.00399052664898578	0.31036388446075336	1.9163063312148726E-4	1.7844120578685687E-4	0.004076183660163427	2.0592890639383742E-4	0.6809934044847953
4	file:/C:/mallet/mydata/der_himmel_kennt_keine_gunstlinge/Der-Himmel-kennt-keine-G├╝nstlinge-Erich-Maria-Remarque%20_12.txt	1.4954927861747614E-4	0.16768001307622415	0.09005173665231313	1.642905081009545E-4	2.2841353996748117E-4	1.8959838628600752E-4	0.7415363985584909
5	file:/C:/mallet/mydata/der_himmel_kennt_keine_gunstlinge/Der-Himmel-kennt-keine-G├╝nstlinge-Erich-Maria-Remarque%20_13.txt	1.624302822452712E-4	0.10938882520687662	1.9163063312148726E-4	0.004006537572527366	2.480872934229179E-4	2.0592890639383742E-4	0.8857965601054125
6	file:/C:/mallet/mydata/der_himmel_kennt_keine_gunstlinge/Der-Himmel-kennt-keine-G├╝nstlinge-Erich-Maria-Remarque%20_14.txt	1.593796784060783E-4	2.826683464224441E-4	0.1016054551662996	0.09032391083310898	2.4342796488325473E-4	2.0206135470481656E-4	0.8071830966561748
7	file:/C:/mallet/mydata/der_himmel_kennt_keine_gunstlinge/Der-Himmel-kennt-keine-G├╝nstlinge-Erich-Maria-Remarque%20_15.txt	1.5878325659915256E-4	0.022734478312253878	0.03012448497807849	0.11618091807259301	0.12186221734375015	2.0130521189233163E-4	0.708737812824833
8	file:/C:/mallet/mydata/der_himmel_kennt_keine_gunstlinge/Der-Himmel-kennt-keine-G├╝nstlinge-Erich-Maria-Remarque%20_16.txt	1.469594694419754E-4	0.04009072962120763	1.7337860762834127E-4	0.3326561028941401	2.2445800446048965E-4	0.012308516083280369	0.6143998553198411
9	file:/C:/mallet/mydata/der_himmel_kennt_keine_gunstlinge/Der-Himmel-kennt-keine-G├╝nstlinge-Erich-Maria-Remarque%20_17.txt	1.5114744596483908E-4	0.0020491613865940878	1.7831946336952905E-4	0.4133797017293362	0.01091741455155388	1.916245408276824E-4	0.5731326308823539
10	file:/C:/mallet/mydata/der_himmel_kennt_keine_gunstlinge/Der-Himmel-kennt-keine-G├╝nstlinge-Erich-Maria-Remarque%20_18.txt	1.4772694475284238E-4	0.05074481862178818	1.7428405319978017E-4	0.3100223378338664	0.0037072037925670234	1.8728803371725544E-4	0.6350163407201086
11	file:/C:/mallet/mydata/der_himmel_kennt_keine_gunstlinge/Der-Himmel-kennt-keine-G├╝nstlinge-Erich-Maria-Remarque%20_19.txt	1.508787168866278E-4	0.007379298195989853	1.7800242443636986E-4	0.3948654760310676	2.3044405261209172E-4	1.9128384644220625E-4	0.5970046167325653
12	file:/C:/mallet/mydata/der_himmel_kennt_keine_gunstlinge/Der-Himmel-kennt-keine-G├╝nstlinge-Erich-Maria-Remarque%20_2.txt	1.5141713401421196E-4	2.685463499479028E-4	0.06441240430731542	0.15004513138513967	0.05732794788971428	1.9196645099558434E-4	0.7276025864828729
13	file:/C:/mallet/mydata/der_himmel_kennt_keine_gunstlinge/Der-Himmel-kennt-keine-G├╝nstlinge-Erich-Maria-Remarque%20_20.txt	1.6336836702363647E-4	0.2813546928429857	1.927373588964774E-4	1.7947175856721238E-4	2.495200737545709E-4	2.0711820908938877E-4	0.717653091389683
14	file:/C:/mallet/mydata/der_himmel_kennt_keine_gunstlinge/Der-Himmel-kennt-keine-G├╝nstlinge-Erich-Maria-Remarque%20_21.txt	1.508787168866278E-4	0.0447157586728006	1.7800242443636986E-4	0.1992935402001541	0.005564224120727913	1.9128384644220625E-4	0.7499063120185522
15	file:/C:/mallet/mydata/der_himmel_kennt_keine_gunstlinge/Der-Himmel-kennt-keine-G├╝nstlinge-Erich-Maria-Remarque%20_22.txt	1.5529640691243886E-4	2.754264469993558E-4	1.8321428964326725E-4	0.2728382090468328	0.016707046725336513	1.9688458826957393E-4	0.709643922496006
16	file:/C:/mallet/mydata/der_himmel_kennt_keine_gunstlinge/Der-Himmel-kennt-keine-G├╝nstlinge-Erich-Maria-Remarque%20_23.txt	0.0022029765643452968	0.020612139429380026	2.033046818292665E-4	0.006281265076145522	2.63200655519698E-4	0.20937553782819698	0.7610615757645832
17	file:/C:/mallet/mydata/der_himmel_kennt_keine_gunstlinge/Der-Himmel-kennt-keine-G├╝nstlinge-Erich-Maria-Remarque%20_24.txt	1.624302822452712E-4	0.27591101716008876	1.9163063312148726E-4	1.7844120578685687E-4	2.480872934229179E-4	2.0592890639383742E-4	0.7231024645189409
18	file:/C:/mallet/mydata/der_himmel_kennt_keine_gunstlinge/Der-Himmel-kennt-keine-G├╝nstlinge-Erich-Maria-Remarque%20_25.txt	1.4954927861747614E-4	0.09190279710682223	0.15525538760272872	0.06889246313151201	2.2841353996748117E-4	1.8959838628600752E-4	0.683381790954066
19	file:/C:/mallet/mydata/der_himmel_kennt_keine_gunstlinge/Der-Himmel-kennt-keine-G├╝nstlinge-Erich-Maria-Remarque%20_26.txt	1.516877861771159E-4	0.00741886881057969	0.3380090124491781	0.0859647491459049	0.005594061615070187	1.9230958346540166E-4	0.5626693106096247
20	file:/C:/mallet/mydata/der_himmel_kennt_keine_gunstlinge/Der-Himmel-kennt-keine-G├╝nstlinge-Erich-Maria-Remarque%20_27.txt	1.5061094167371467E-4	2.671165249032933E-4	0.09601533542308345	1.6545682039984284E-4	0.33033749243149885	0.014389114570586253	0.5586748732878546
21	file:/C:/mallet/mydata/der_himmel_kennt_keine_gunstlinge/Der-Himmel-kennt-keine-G├╝nstlinge-Erich-Maria-Remarque%20_28.txt	1.5416790774042377E-4	2.734249936266125E-4	0.30356842848213955	1.6936440034807002E-4	0.06563616024300922	0.0038288256816054354	0.6263696282915308
22	file:/C:/mallet/mydata/der_himmel_kennt_keine_gunstlinge/Der-Himmel-kennt-keine-G├╝nstlinge-Erich-Maria-Remarque%20_29.txt	0.010780106375439944	0.003809897380771887	0.05686943710426401	1.6516369262231344E-4	0.007316135704236594	0.21632910536956992	0.7047301543730954
23	file:/C:/mallet/mydata/der_himmel_kennt_keine_gunstlinge/Der-Himmel-kennt-keine-G├╝nstlinge-Erich-Maria-Remarque%20_3.txt	1.4619992733630948E-4	0.27590612615972193	1.72482521427054E-4	0.001883403712768433	2.2329792062248424E-4	1.8535208296789867E-4	0.7214831376751559
24	file:/C:/mallet/mydata/der_himmel_kennt_keine_gunstlinge/Der-Himmel-kennt-keine-G├╝nstlinge-Erich-Maria-Remarque%20_30.txt	1.5114744596483908E-4	0.0750739884398484	1.7831946336952905E-4	1.6604620848250038E-4	0.0020119478377423785	0.18008205215982	0.7423364984447723
25	file:/C:/mallet/mydata/der_himmel_kennt_keine_gunstlinge/Der-Himmel-kennt-keine-G├╝nstlinge-Erich-Maria-Remarque%20_31.txt	1.5731155016925272E-4	2.790004108691825E-4	0.015015431684532433	1.7281791491326613E-4	2.402692168368109E-4	0.28938131911359233	0.6947538501090867
26	file:/C:/mallet/mydata/der_himmel_kennt_keine_gunstlinge/Der-Himmel-kennt-keine-G├╝nstlinge-Erich-Maria-Remarque%20_32.txt	0.47078812741124043	2.81084630918723E-4	1.8697812626372162E-4	1.741089186148732E-4	0.007712375859851704	2.0092925871954248E-4	0.520656395794391
27	file:/C:/mallet/mydata/der_himmel_kennt_keine_gunstlinge/Der-Himmel-kennt-keine-G├╝nstlinge-Erich-Maria-Remarque%20_33.txt	0.1579189522110764	0.005713103783267568	1.8155309343019323E-4	1.6905727637751556E-4	2.3504079085884095E-4	0.317538618723005	0.5182436741219845
28	file:/C:/mallet/mydata/der_himmel_kennt_keine_gunstlinge/Der-Himmel-kennt-keine-G├╝nstlinge-Erich-Maria-Remarque%20_34.txt	1.4981328870895485E-4	2.6570184489626544E-4	1.7674546253609663E-4	0.014287555599765458	2.2881677480845984E-4	0.33914133448564976	0.645750032543635
29	file:/C:/mallet/mydata/der_himmel_kennt_keine_gunstlinge/Der-Himmel-kennt-keine-G├╝nstlinge-Erich-Maria-Remarque%20_35.txt	1.547300997218531E-4	0.06591360608829167	1.8254617650590701E-4	0.043929438019683624	0.07681537446812736	0.1861738546736045	0.6268304504740652
30	file:/C:/mallet/mydata/der_himmel_kennt_keine_gunstlinge/Der-Himmel-kennt-keine-G├╝nstlinge-Erich-Maria-Remarque%20_36.txt	1.6305447047126304E-4	2.8918578582814736E-4	1.9236703266029478E-4	1.7912692090194703E-4	0.046362724672178786	0.26728180690878256	0.685531734209177
31	file:/C:/mallet/mydata/der_himmel_kennt_keine_gunstlinge/Der-Himmel-kennt-keine-G├╝nstlinge-Erich-Maria-Remarque%20_37.txt	1.474702305230753E-4	2.615463064386794E-4	1.739811890435308E-4	1.6200652605200653E-4	0.026291663930070687	0.25911345901617683	0.7138498728016952
32	file:/C:/mallet/mydata/der_himmel_kennt_keine_gunstlinge/Der-Himmel-kennt-keine-G├╝nstlinge-Erich-Maria-Remarque%20_38.txt	0.06260091251116984	0.0020528176464380634	1.7863763366962482E-4	1.6634247996618674E-4	2.3126640202913697E-4	0.3516934118595572	0.5830766114671699
33	file:/C:/mallet/mydata/der_himmel_kennt_keine_gunstlinge/Der-Himmel-kennt-keine-G├╝nstlinge-Erich-Maria-Remarque%20_39.txt	1.5223200359749053E-4	2.699915645446372E-4	0.019912208239897946	1.6723767210024765E-4	2.325109900863256E-4	0.2531291726070695	0.7261366469227039
34	file:/C:/mallet/mydata/der_himmel_kennt_keine_gunstlinge/Der-Himmel-kennt-keine-G├╝nstlinge-Erich-Maria-Remarque%20_4.txt	1.6058606544424242E-4	0.3371171050990897	1.8945487852505815E-4	1.7641520259854108E-4	2.452705356833639E-4	0.007772855915407943	0.6543383123032511
35	file:/C:/mallet/mydata/der_himmel_kennt_keine_gunstlinge/Der-Himmel-kennt-keine-G├╝nstlinge-Erich-Maria-Remarque%20_40.txt	0.03648788593932894	2.734249936266125E-4	0.0038152547215342682	0.003802736203506922	2.354677861498903E-4	0.3889662368164437	0.5664189935394096
36	file:/C:/mallet/mydata/der_himmel_kennt_keine_gunstlinge/Der-Himmel-kennt-keine-G├╝nstlinge-Erich-Maria-Remarque%20_41.txt	0.11780581617166273	2.6430207056489605E-4	1.7581432951464305E-4	1.6371349633496007E-4	0.01603225503809819	0.2442828743743948	0.6212752245194297
37	file:/C:/mallet/mydata/der_himmel_kennt_keine_gunstlinge/Der-Himmel-kennt-keine-G├╝nstlinge-Erich-Maria-Remarque%20_42.txt	1.5223200359749053E-4	2.699915645446372E-4	1.7959899365740912E-4	1.6723767210024765E-4	0.1024833043569691	0.2531291726070695	0.6436184628020616
38	file:/C:/mallet/mydata/der_himmel_kennt_keine_gunstlinge/Der-Himmel-kennt-keine-G├╝nstlinge-Erich-Maria-Remarque%20_43.txt	0.4595290648523045	2.6902636597070335E-4	1.7895694140347872E-4	0.016253785310967304	2.3167978161344694E-4	0.010917073250378878	0.5126204134973618
39	file:/C:/mallet/mydata/der_himmel_kennt_keine_gunstlinge/Der-Himmel-kennt-keine-G├╝nstlinge-Erich-Maria-Remarque%20_44.txt	0.4027771709231017	2.7796984877460944E-4	0.0038786716748716206	0.014947241600735494	2.393817186908642E-4	1.9870270202292052E-4	0.5776808615318029
40	file:/C:/mallet/mydata/der_himmel_kennt_keine_gunstlinge/Der-Himmel-kennt-keine-G├╝nstlinge-Erich-Maria-Remarque%20_45.txt	1.4594848834527914E-4	2.588474156554833E-4	1.721858808476218E-4	1.6033478414927046E-4	0.664077214678353	1.8503330893308254E-4	0.33500043544371616
41	file:/C:/mallet/mydata/der_himmel_kennt_keine_gunstlinge/Der-Himmel-kennt-keine-G├╝nstlinge-Erich-Maria-Remarque%20_46.txt	1.4981328870895485E-4	2.6570184489626544E-4	1.7674546253609663E-4	1.6458054194447283E-4	0.6004552567322003	1.8993309794607257E-4	0.3985979690317677
42	file:/C:/mallet/mydata/der_himmel_kennt_keine_gunstlinge/Der-Himmel-kennt-keine-G├╝nstlinge-Erich-Maria-Remarque%20_47.txt	0.012847629112119697	2.729291670566908E-4	1.8155309343019323E-4	1.6905727637751556E-4	0.5369989362569987	1.9509944403719515E-4	0.44933479564997997
43	file:/C:/mallet/mydata/der_himmel_kennt_keine_gunstlinge/Der-Himmel-kennt-keine-G├╝nstlinge-Erich-Maria-Remarque%20_48.txt	1.525055793251901E-4	2.7047676566527897E-4	1.7992175052996434E-4	1.675382144747971E-4	0.5106085714765446	1.9334638058421104E-4	0.488427639832876
44	file:/C:/mallet/mydata/der_himmel_kennt_keine_gunstlinge/Der-Himmel-kennt-keine-G├╝nstlinge-Erich-Maria-Remarque%20_49.txt	1.5615368310242694E-4	2.7694687197118853E-4	1.8422567974107752E-4	1.7154591567341196E-4	0.0830423666341099	0.12532381321808583	0.7908449479973162
45	file:/C:/mallet/mydata/der_himmel_kennt_keine_gunstlinge/Der-Himmel-kennt-keine-G├╝nstlinge-Erich-Maria-Remarque%20_5.txt	1.4981328870895485E-4	0.2156410714766663	1.7674546253609663E-4	0.09196391841778088	2.2881677480845984E-4	1.8993309794607257E-4	0.6916497014815532
46	file:/C:/mallet/mydata/der_himmel_kennt_keine_gunstlinge/Der-Himmel-kennt-keine-G├╝nstlinge-Erich-Maria-Remarque%20_50.txt	0.33019114839108754	2.729291670566908E-4	0.001994944632167152	0.003795840353851434	2.3504079085884095E-4	1.9509944403719515E-4	0.6633149972209411
47	file:/C:/mallet/mydata/der_himmel_kennt_keine_gunstlinge/Der-Himmel-kennt-keine-G├╝nstlinge-Erich-Maria-Remarque%20_51.txt	0.4466352913150388	0.05428094490434869	0.0037809110822430857	1.6783983900187964E-4	0.00563434630341799	1.9369446839683128E-4	0.48930697208755275
48	file:/C:/mallet/mydata/der_himmel_kennt_keine_gunstlinge/Der-Himmel-kennt-keine-G├╝nstlinge-Erich-Maria-Remarque%20_52.txt	0.2869535269201956	0.0483862852572583	1.8524829808972792E-4	1.724981499181178E-4	2.3982464669490937E-4	1.990703616407339E-4	0.6638635463662027
49	file:/C:/mallet/mydata/der_himmel_kennt_keine_gunstlinge/Der-Himmel-kennt-keine-G├╝nstlinge-Erich-Maria-Remarque%20_53.txt	0.08190503347881459	2.734249936266125E-4	1.81882918375416E-4	1.6936440034807002E-4	2.354677861498903E-4	0.19276415944586572	0.7244706669768197
50	file:/C:/mallet/mydata/der_himmel_kennt_keine_gunstlinge/Der-Himmel-kennt-keine-G├╝nstlinge-Erich-Maria-Remarque%20_54.txt	1.5731155016925272E-4	2.790004108691825E-4	1.8559169841702428E-4	0.027978767888879656	2.402692168368109E-4	0.3320171090736741	0.6391419501611539
51	file:/C:/mallet/mydata/der_himmel_kennt_keine_gunstlinge/Der-Himmel-kennt-keine-G├╝nstlinge-Erich-Maria-Remarque%20_55.txt	1.5223200359749053E-4	0.01282710653942498	1.7959899365740912E-4	1.6723767210024765E-4	2.325109900863256E-4	0.33923510386339184	0.6472062099377417
52	file:/C:/mallet/mydata/der_himmel_kennt_keine_gunstlinge/Der-Himmel-kennt-keine-G├╝nstlinge-Erich-Maria-Remarque%20_56.txt	0.0019288054062585685	0.0056013715066179125	0.021513122696899655	1.6575099049677031E-4	2.3044405261209172E-4	0.2010969997454715	0.7694635056016436
53	file:/C:/mallet/mydata/der_himmel_kennt_keine_gunstlinge/Der-Himmel-kennt-keine-G├╝nstlinge-Erich-Maria-Remarque%20_57.txt	0.21558963632501327	2.795185628141428E-4	0.005757454459255065	1.731388676260501E-4	2.4071543826576953E-4	0.024343054812735174	0.7536164815342905
54	file:/C:/mallet/mydata/der_himmel_kennt_keine_gunstlinge/Der-Himmel-kennt-keine-G├╝nstlinge-Erich-Maria-Remarque%20_58.txt	0.016655631274547132	0.016775981553710354	1.8355018352866017E-4	0.044171050663243616	2.3762624741753357E-4	0.11569759664127455	0.8062785634362781
55	file:/C:/mallet/mydata/der_himmel_kennt_keine_gunstlinge/Der-Himmel-kennt-keine-G├╝nstlinge-Erich-Maria-Remarque%20_59.txt	1.4902404015814142E-4	2.6430207056489605E-4	0.36543869139448415	1.6371349633496007E-4	0.014276183513747374	1.8893248963156806E-4	0.619519152995079
56	file:/C:/mallet/mydata/der_himmel_kennt_keine_gunstlinge/Der-Himmel-kennt-keine-G├╝nstlinge-Erich-Maria-Remarque%20_6.txt	1.5998059766656578E-4	0.10585390128386606	0.24149197982229528	1.7575005322602094E-4	2.4434577670282004E-4	0.002088004756082113	0.6499860377101612
57	file:/C:/mallet/mydata/der_himmel_kennt_keine_gunstlinge/Der-Himmel-kennt-keine-G├╝nstlinge-Erich-Maria-Remarque%20_60.txt	0.09280514888829114	0.042057200729953406	0.13825001143841179	1.6936440034807002E-4	0.025669070408261854	1.9545387844658351E-4	0.7008537502562872
58	file:/C:/mallet/mydata/der_himmel_kennt_keine_gunstlinge/Der-Himmel-kennt-keine-G├╝nstlinge-Erich-Maria-Remarque%20_61.txt	0.21489793535613083	2.671165249032933E-4	1.7768651084639468E-4	0.001940228096552381	0.19013056161544833	1.9094436136594863E-4	0.5923955275347528
59	file:/C:/mallet/mydata/der_himmel_kennt_keine_gunstlinge/Der-Himmel-kennt-keine-G├╝nstlinge-Erich-Maria-Remarque%20_62.txt	1.6028275976913935E-4	0.07772269933270182	1.8909704710504265E-4	1.760819997644435E-4	0.29677732932611794	0.0020919484587340826	0.6228825610758075
60	file:/C:/mallet/mydata/der_himmel_kennt_keine_gunstlinge/Der-Himmel-kennt-keine-G├╝nstlinge-Erich-Maria-Remarque%20_63.txt	0.014529284245285134	0.03261822876407515	1.7992175052996434E-4	1.675382144747971E-4	0.399188536815355	1.9334638058421104E-4	0.5531231438296957
61	file:/C:/mallet/mydata/der_himmel_kennt_keine_gunstlinge/Der-Himmel-kennt-keine-G├╝nstlinge-Erich-Maria-Remarque%20_64.txt	0.318238733563689	2.7047676566527897E-4	0.0037741164170199504	0.025326900879904697	0.007421318167946531	1.9334638058421104E-4	0.6447751078251904
62	file:/C:/mallet/mydata/der_himmel_kennt_keine_gunstlinge/Der-Himmel-kennt-keine-G├╝nstlinge-Erich-Maria-Remarque%20_65.txt	0.033338747328301346	2.6291696756486804E-4	0.2622051897802068	1.6285553841418417E-4	2.2641849771160214E-4	1.8794236890480975E-4	0.7036159295188964
63	file:/C:/mallet/mydata/der_himmel_kennt_keine_gunstlinge/Der-Himmel-kennt-keine-G├╝nstlinge-Erich-Maria-Remarque%20_66.txt	1.5558111785723985E-4	0.141443027182034	0.13218395143704778	1.709169120705705E-4	2.3762624741753357E-4	0.03503068476412396	0.6907782123394489
64	file:/C:/mallet/mydata/der_himmel_kennt_keine_gunstlinge/Der-Himmel-kennt-keine-G├╝nstlinge-Erich-Maria-Remarque%20_67.txt	1.6368347447312325E-4	2.9030135791912573E-4	0.08506099406608411	0.004037449060687603	2.500013519571325E-4	2.075177019153101E-4	0.9099900529869636
65	file:/C:/mallet/mydata/der_himmel_kennt_keine_gunstlinge/Der-Himmel-kennt-keine-G├╝nstlinge-Erich-Maria-Remarque%20_68.txt	0.005206932459326632	2.5404142747848673E-4	1.6898892674435654E-4	0.4035649622329123	2.1877507145672668E-4	1.815978182103684E-4	0.5904047020638711
66	file:/C:/mallet/mydata/der_himmel_kennt_keine_gunstlinge/Der-Himmel-kennt-keine-G├╝nstlinge-Erich-Maria-Remarque%20_69.txt	1.5615368310242694E-4	2.7694687197118853E-4	1.8422567974107752E-4	0.18418013676294817	0.04440056255618219	0.025959174160557454	0.7448428002854974
67	file:/C:/mallet/mydata/der_himmel_kennt_keine_gunstlinge/Der-Himmel-kennt-keine-G├╝nstlinge-Erich-Maria-Remarque%20_7.txt	1.5529640691243886E-4	0.005765378223710039	0.11364221767499738	0.03311031479713297	0.03317690205546856	1.9688458826957393E-4	0.8139530062535091
68	file:/C:/mallet/mydata/der_himmel_kennt_keine_gunstlinge/Der-Himmel-kennt-keine-G├╝nstlinge-Erich-Maria-Remarque%20_70.txt	1.525055793251901E-4	2.7047676566527897E-4	1.7992175052996434E-4	1.675382144747971E-4	0.2985510861536354	1.9334638058421104E-4	0.7004851251557852
69	file:/C:/mallet/mydata/der_himmel_kennt_keine_gunstlinge/Der-Himmel-kennt-keine-G├╝nstlinge-Erich-Maria-Remarque%20_71.txt	0.007185929143105611	2.647670203899901E-4	1.7612361518002642E-4	1.640014946897357E-4	0.5139029467604648	0.0019484255886759731	0.47635780637749386
70	file:/C:/mallet/mydata/der_himmel_kennt_keine_gunstlinge/Der-Himmel-kennt-keine-G├╝nstlinge-Erich-Maria-Remarque%20_72.txt	1.4981328870895485E-4	2.6570184489626544E-4	1.7674546253609663E-4	1.6458054194447283E-4	0.5845669097921518	1.8993309794607257E-4	0.4144863159718163
71	file:/C:/mallet/mydata/der_himmel_kennt_keine_gunstlinge/Der-Himmel-kennt-keine-G├╝nstlinge-Erich-Maria-Remarque%20_73.txt	0.0038719490948870496	0.0634233901928518	0.0020431090692528504	1.731388676260501E-4	0.29738834663844294	1.9980977772078023E-4	0.6329002563592185
72	file:/C:/mallet/mydata/der_himmel_kennt_keine_gunstlinge/Der-Himmel-kennt-keine-G├╝nstlinge-Erich-Maria-Remarque%20_74.txt	1.5878325659915256E-4	0.23790779426570763	0.018898051102246124	1.7443468899187698E-4	0.03579289096236866	0.028267389901473254	0.6788006558226133
73	file:/C:/mallet/mydata/der_himmel_kennt_keine_gunstlinge/Der-Himmel-kennt-keine-G├╝nstlinge-Erich-Maria-Remarque%20_75.txt	1.6305447047126304E-4	0.2500716409329856	1.9236703266029478E-4	0.002100530422033927	2.4904064501125617E-4	2.0672025143729622E-4	0.7470166462454003
74	file:/C:/mallet/mydata/der_himmel_kennt_keine_gunstlinge/Der-Himmel-kennt-keine-G├╝nstlinge-Erich-Maria-Remarque%20_76.txt	0.0019461055714375395	0.3662201994039146	1.7959899365740912E-4	1.6723767210024765E-4	0.0038202581257664237	1.9299954162264348E-4	0.6274736006915012
75	file:/C:/mallet/mydata/der_himmel_kennt_keine_gunstlinge/Der-Himmel-kennt-keine-G├╝nstlinge-Erich-Maria-Remarque%20_77.txt	1.4981328870895485E-4	0.2738983435901779	1.7674546253609663E-4	1.6458054194447283E-4	2.2881677480845984E-4	1.8993309794607257E-4	0.725191767243878
76	file:/C:/mallet/mydata/der_himmel_kennt_keine_gunstlinge/Der-Himmel-kennt-keine-G├╝nstlinge-Erich-Maria-Remarque%20_78.txt	1.547300997218531E-4	0.04950381008397917	0.02023896351511006	0.005639914009621146	2.3632644800240292E-4	0.0038427879590212616	0.9203834678845441
77	file:/C:/mallet/mydata/der_himmel_kennt_keine_gunstlinge/Der-Himmel-kennt-keine-G├╝nstlinge-Erich-Maria-Remarque%20_79.txt	0.023964757843492467	8.829863754886584E-4	5.873645153263591E-4	5.469377763042839E-4	0.26476297711671287	6.311899633448581E-4	0.7086237864093305
78	file:/C:/mallet/mydata/der_himmel_kennt_keine_gunstlinge/Der-Himmel-kennt-keine-G├╝nstlinge-Erich-Maria-Remarque%20_8.txt	1.5305569127444467E-4	0.05618242466734992	0.31941418650041475	0.01640036030120283	2.3376904642641614E-4	1.9404381181771163E-4	0.6074221599815139
79	file:/C:/mallet/mydata/der_himmel_kennt_keine_gunstlinge/Der-Himmel-kennt-keine-G├╝nstlinge-Erich-Maria-Remarque%20_9.txt	0.001885231951626669	0.008950354911956646	0.3164466144298976	1.6200652605200653E-4	2.2523811351678313E-4	1.8696257174144083E-4	0.672143591495209
