0	file:/C:/mallet/mydata/der_weg_zuruck/Der-Weg-zur├╝ck-Erich-Maria-Remarque.txt	0.21910335586795474	2.5575018460596074E-4	1.8630916564927813E-4	0.7334730490482076	2.833718846281851E-4	3.135967796397315E-4	0.04638456706931439
1	file:/C:/mallet/mydata/der_weg_zuruck/Der-Weg-zur├╝ck-Erich-Maria-Remarque_1.txt	0.030798071754055974	0.2125898724388717	0.02122781356157611	0.6656273051572013	0.0021952165794276884	0.05578733322663511	0.011774387282232075
2	file:/C:/mallet/mydata/der_weg_zuruck/Der-Weg-zur├╝ck-Erich-Maria-Remarque_10.txt	1.8553184192441133E-4	0.20256416155799983	1.800845504298342E-4	0.7368093950793488	2.7390439042481574E-4	0.05041832875751473	0.009568593822357474
3	file:/C:/mallet/mydata/der_weg_zuruck/Der-Weg-zur├╝ck-Erich-Maria-Remarque_11.txt	1.9456000427021939E-4	0.29417158969893403	1.8884764220097498E-4	0.6558769004870516	0.04894821875847425	3.1786955961289533E-4	3.0201384945599324E-4
4	file:/C:/mallet/mydata/der_weg_zuruck/Der-Weg-zur├╝ck-Erich-Maria-Remarque_12.txt	1.9418204068838007E-4	2.5873119571949313E-4	1.8848077578597914E-4	0.7886461695937875	0.07410768531063464	3.172520477159377E-4	0.13628749903566795
5	file:/C:/mallet/mydata/der_weg_zuruck/Der-Weg-zur├╝ck-Erich-Maria-Remarque_13.txt	1.663844269765241E-4	0.05348768058190466	1.6149931149177314E-4	0.6541103168006496	2.4563667656441666E-4	0.2849119566430222	0.006916525559390761
6	file:/C:/mallet/mydata/der_weg_zuruck/Der-Weg-zur├╝ck-Erich-Maria-Remarque_14.txt	1.9685904957526985E-4	0.1952368391038079	1.9107918658647468E-4	0.6911993182658298	0.09088485815570513	3.21625709400143E-4	0.021969420529095163
7	file:/C:/mallet/mydata/der_weg_zuruck/Der-Weg-zur├╝ck-Erich-Maria-Remarque_15.txt	0.0774239834900074	0.027830703010082905	1.7842862673132047E-4	0.7263561406857221	0.16210790658277685	3.0033220611279463E-4	0.005802505398566569
8	file:/C:/mallet/mydata/der_weg_zuruck/Der-Weg-zur├╝ck-Erich-Maria-Remarque_16.txt	2.1323742200846994E-4	2.84120884572077E-4	2.069766832415604E-4	0.7444394580902806	0.015247866054439403	0.23927733421838043	3.31006647077401E-4
9	file:/C:/mallet/mydata/der_weg_zuruck/Der-Weg-zur├╝ck-Erich-Maria-Remarque_17.txt	1.7667760668836112E-4	0.04795894239008425	1.7149027919668527E-4	0.7829530088556089	0.15933928062713165	0.005591268465893779	0.00380933177539631
10	file:/C:/mallet/mydata/der_weg_zuruck/Der-Weg-zur├╝ck-Erich-Maria-Remarque_18.txt	1.8762132682690127E-4	0.24989401219840024	0.04523065811889789	0.6719035566300128	0.03218637548647664	3.0653324025231305E-4	2.912429991332338E-4
11	file:/C:/mallet/mydata/der_weg_zuruck/Der-Weg-zur├╝ck-Erich-Maria-Remarque_19.txt	1.915768621928062E-4	0.25132922406469693	0.009768927813492848	0.7263174927268559	2.82828775449759E-4	3.129957415742555E-4	0.011796954015737464
12	file:/C:/mallet/mydata/der_weg_zuruck/Der-Weg-zur├╝ck-Erich-Maria-Remarque_2.txt	1.6749968146604935E-4	0.23314818435562293	0.005189740206261198	0.6685490551212951	2.4728314920196214E-4	0.09243822914696724	2.6000833918545234E-4
13	file:/C:/mallet/mydata/der_weg_zuruck/Der-Weg-zur├╝ck-Erich-Maria-Remarque_20.txt	1.8248344327386582E-4	2.431438010944898E-4	1.7712565402250988E-4	0.616991496198909	2.694039781748814E-4	0.2449314500940143	0.13720489683051082
14	file:/C:/mallet/mydata/der_weg_zuruck/Der-Weg-zur├╝ck-Erich-Maria-Remarque_21.txt	0.4755580789998506	0.0020100520115141347	1.720986611501357E-4	0.4717664585196004	0.0038093757605176773	2.8967756754698896E-4	0.046394258479820004
15	file:/C:/mallet/mydata/der_weg_zuruck/Der-Weg-zur├╝ck-Erich-Maria-Remarque_22.txt	0.49055165653717175	0.014555810160038566	1.7363867020882734E-4	0.4903054703416058	2.6410035732773914E-4	0.002081951346756489	0.002067372586890739
16	file:/C:/mallet/mydata/der_weg_zuruck/Der-Weg-zur├╝ck-Erich-Maria-Remarque_23.txt	0.5293985125343886	0.0055088118362442645	1.7058572876436763E-4	0.46234447827735026	2.5945690477530484E-4	2.871309900754186E-4	0.002031023728401625
17	file:/C:/mallet/mydata/der_weg_zuruck/Der-Weg-zur├╝ck-Erich-Maria-Remarque_24.txt	0.3282672109015842	2.7138415523198954E-4	1.9769821714735812E-4	0.6642010922801366	3.0069436565530617E-4	0.006445751983595873	3.1616809664861264E-4
18	file:/C:/mallet/mydata/der_weg_zuruck/Der-Weg-zur├╝ck-Erich-Maria-Remarque_25.txt	0.19684632740915323	0.11481087680183671	1.8524201850007895E-4	0.5727111653603852	2.817487787665366E-4	3.1180055073051847E-4	0.11485283908062763
19	file:/C:/mallet/mydata/der_weg_zuruck/Der-Weg-zur├╝ck-Erich-Maria-Remarque_26.txt	1.984221716701985E-4	2.6438081272343476E-4	0.020043374145095726	0.7304339780210802	0.18887532308161567	3.2417951758800703E-4	0.0598603422502266
20	file:/C:/mallet/mydata/der_weg_zuruck/Der-Weg-zur├╝ck-Erich-Maria-Remarque_27.txt	1.915768621928062E-4	2.5526001504370537E-4	1.85952086406848E-4	0.7512332296172795	0.23027424622551373	0.017562352050329057	2.973831432342643E-4
21	file:/C:/mallet/mydata/der_weg_zuruck/Der-Weg-zur├╝ck-Erich-Maria-Remarque_28.txt	1.9343050199833428E-4	2.577298337850131E-4	0.3291614732154463	0.6675503768405411	2.855653411828109E-4	3.1602419375215433E-4	0.0022354000732941687
22	file:/C:/mallet/mydata/der_weg_zuruck/Der-Weg-zur├╝ck-Erich-Maria-Remarque_29.txt	1.7921171526740393E-4	0.021753468447258065	0.4035742740076564	0.5682788184241259	2.6457386030427437E-4	2.92793728203268E-4	0.00565685981718468
23	file:/C:/mallet/mydata/der_weg_zuruck/Der-Weg-zur├╝ck-Erich-Maria-Remarque_3.txt	1.8484565092570797E-4	0.19996572239697932	1.794185062822165E-4	0.6970992198055078	0.1019818609216962	3.0199837770618034E-4	2.869343409025456E-4
24	file:/C:/mallet/mydata/der_weg_zuruck/Der-Weg-zur├╝ck-Erich-Maria-Remarque_30.txt	0.014978877588212444	2.462912436083918E-4	0.32010035915010787	0.6619633939544518	2.728913528498888E-4	0.002151252369867022	2.869343409025456E-4
25	file:/C:/mallet/mydata/der_weg_zuruck/Der-Weg-zur├╝ck-Erich-Maria-Remarque_31.txt	0.005680088000355819	0.0020763467729740708	0.08996105987658451	0.7291912544491908	0.09005367636608741	0.08092095701870168	0.0021166175161057075
26	file:/C:/mallet/mydata/der_weg_zuruck/Der-Weg-zur├╝ck-Erich-Maria-Remarque_32.txt	2.183615456003905E-4	0.013398293569985911	2.11950360448807E-4	0.9414621552553626	0.0025069290795024543	3.5675620278042777E-4	0.04184555398631934
27	file:/C:/mallet/mydata/der_weg_zuruck/Der-Weg-zur├╝ck-Erich-Maria-Remarque_33.txt	1.8904066129671202E-4	2.5188074120300897E-4	0.013422045710771421	0.6429444328047785	2.7908453104818305E-4	0.342620069330873	2.9344622002902375E-4
28	file:/C:/mallet/mydata/der_weg_zuruck/Der-Weg-zur├╝ck-Erich-Maria-Remarque_34.txt	0.0021122202787422955	2.5575018460596074E-4	1.8630916564927813E-4	0.6893067117158901	0.006044198493191348	0.3017968559611119	2.979542008090917E-4
29	file:/C:/mallet/mydata/der_weg_zuruck/Der-Weg-zur├╝ck-Erich-Maria-Remarque_35.txt	2.0791489826441957E-4	2.770290704801987E-4	0.002281856424607675	0.63017572263651	3.0694894676114564E-4	0.3601876455040551	0.0065628825193213254
30	file:/C:/mallet/mydata/der_weg_zuruck/Der-Weg-zur├╝ck-Erich-Maria-Remarque_36.txt	1.5747226648518724E-4	2.0981851697477418E-4	0.44599162904288114	0.5529068817266604	2.324794747524372E-4	2.572761045449504E-4	2.444428677011036E-4
31	file:/C:/mallet/mydata/der_weg_zuruck/Der-Weg-zur├╝ck-Erich-Maria-Remarque_37.txt	1.964721095814439E-4	2.617825194200885E-4	0.18691973380823484	0.7370143682284284	0.02387688059512844	0.051425780744844614	3.0498199436210726E-4
32	file:/C:/mallet/mydata/der_weg_zuruck/Der-Weg-zur├╝ck-Erich-Maria-Remarque_38.txt	1.9881683855732323E-4	0.012199063540804812	1.9297949407554282E-4	0.7676893009034828	0.10571190296316985	0.11369931456258502	3.086216973246586E-4
33	file:/C:/mallet/mydata/der_weg_zuruck/Der-Weg-zur├╝ck-Erich-Maria-Remarque_39.txt	1.879741585945443E-4	0.04350316873947586	0.022749085954384723	0.6712865540214638	0.005919167730332701	0.005948767390801591	0.25040528200494677
34	file:/C:/mallet/mydata/der_weg_zuruck/Der-Weg-zur├╝ck-Erich-Maria-Remarque_4.txt	0.0021620408485385407	0.2557857185838427	1.9070360731065494E-4	0.7271865245336429	0.00618676194451457	3.209935319601011E-4	0.008167256950190493
35	file:/C:/mallet/mydata/der_weg_zuruck/Der-Weg-zur├╝ck-Erich-Maria-Remarque_40.txt	1.788909833534064E-4	2.3835715116795803E-4	0.0019633202963176537	0.7211744001096444	2.6410035732773914E-4	2.922697206476627E-4	0.2758886613815411
36	file:/C:/mallet/mydata/der_weg_zuruck/Der-Weg-zur├╝ck-Erich-Maria-Remarque_41.txt	0.010063878293499673	2.6281568400526525E-4	1.9145624814311118E-4	0.5820570152588275	0.04567770205009061	3.222603818247393E-4	0.361424872083609
37	file:/C:/mallet/mydata/der_weg_zuruck/Der-Weg-zur├╝ck-Erich-Maria-Remarque_42.txt	1.879741585945443E-4	2.5045971628025236E-4	1.8245515967397344E-4	0.6712865540214638	0.16952724099198563	3.071096921239031E-4	0.1582582062598779
38	file:/C:/mallet/mydata/der_weg_zuruck/Der-Weg-zur├╝ck-Erich-Maria-Remarque_43.txt	1.9011933501465007E-4	2.533179829780152E-4	0.02110668679222874	0.5172761761351332	2.8067699875676896E-4	0.006016655209163726	0.4548763675467248
39	file:/C:/mallet/mydata/der_weg_zuruck/Der-Weg-zur├╝ck-Erich-Maria-Remarque_44.txt	1.9121038928894167E-4	0.004080629391396308	1.8559637329877652E-4	0.5604162192158146	2.8228774412974913E-4	3.1239700299487264E-4	0.4345316598830767
40	file:/C:/mallet/mydata/der_weg_zuruck/Der-Weg-zur├╝ck-Erich-Maria-Remarque_45.txt	2.1143322492377816E-4	2.817169440872562E-4	2.0522545812832132E-4	0.6979511280451532	3.1214312318364685E-4	3.4543680416819836E-4	0.30069291640035545
41	file:/C:/mallet/mydata/der_weg_zuruck/Der-Weg-zur├╝ck-Erich-Maria-Remarque_46.txt	0.03601821404059489	2.805301643468255E-4	2.043609115646902E-4	0.6655222215369244	0.05928816948441275	3.43981593860866E-4	0.23834252226829544
42	file:/C:/mallet/mydata/der_weg_zuruck/Der-Weg-zur├╝ck-Erich-Maria-Remarque_47.txt	0.16282562761141486	0.003243110934369	1.4750411514791636E-4	0.6734421992583565	2.2435031016435574E-4	2.482798703584551E-4	0.1598689279001889
43	file:/C:/mallet/mydata/der_weg_zuruck/Der-Weg-zur├╝ck-Erich-Maria-Remarque_48.txt	0.10619759481355655	0.14045656463429043	1.659182101338773E-4	0.55743070418255	0.1131194450778141	0.08236442903629985	2.653440453551078E-4
44	file:/C:/mallet/mydata/der_weg_zuruck/Der-Weg-zur├╝ck-Erich-Maria-Remarque_49.txt	0.266602019167666	2.413811186383749E-4	1.7584157323793738E-4	0.5454602758811615	0.011141771682416944	0.17609749663208724	2.8121394479191044E-4
45	file:/C:/mallet/mydata/der_weg_zuruck/Der-Weg-zur├╝ck-Erich-Maria-Remarque_5.txt	0.022634578343255253	0.31124061755984433	1.6763828696843213E-4	0.6513292384198651	0.012349826585572918	0.002010005933022487	2.6809487147138586E-4
46	file:/C:/mallet/mydata/der_weg_zuruck/Der-Weg-zur├╝ck-Erich-Maria-Remarque_50.txt	2.164699810854181E-4	2.8842799697159535E-4	0.2969019355036378	0.6907557285639061	0.0046508464499697266	0.002519299520886423	0.004667291983542833
47	file:/C:/mallet/mydata/der_weg_zuruck/Der-Weg-zur├╝ck-Erich-Maria-Remarque_51.txt	0.013446385275785682	1.9679706780242342E-4	0.43161183627985145	0.5511010841610754	2.1805167444314603E-4	0.0031965729282029533	2.2927261283891588E-4
48	file:/C:/mallet/mydata/der_weg_zuruck/Der-Weg-zur├╝ck-Erich-Maria-Remarque_52.txt	0.002049258037513911	2.481266403291524E-4	0.31317061724598205	0.620320565277466	2.749249772971346E-4	0.059921365423755556	0.004015142397656068
49	file:/C:/mallet/mydata/der_weg_zuruck/Der-Weg-zur├╝ck-Erich-Maria-Remarque_53.txt	0.34175831586620853	0.03757883514135475	1.8109294049805736E-4	0.6196118889544667	2.754381281401714E-4	3.0481679609142907E-4	2.896121732402602E-4
50	file:/C:/mallet/mydata/der_weg_zuruck/Der-Weg-zur├╝ck-Erich-Maria-Remarque_54.txt	2.1980205631680282E-4	0.011287712001845166	2.133485771757242E-4	0.932280111125871	0.0421049065205582	0.011353953985710565	0.002540165732522481
51	file:/C:/mallet/mydata/der_weg_zuruck/Der-Weg-zur├╝ck-Erich-Maria-Remarque_55.txt	1.663844269765241E-4	0.0018862553244327223	0.09837066351119644	0.5192807862891906	0.37643667242458567	0.0036009608845461445	2.58277139071801E-4
52	file:/C:/mallet/mydata/der_weg_zuruck/Der-Weg-zur├╝ck-Erich-Maria-Remarque_56.txt	2.074833234088211E-4	2.764540333756569E-4	0.01058003344289285	0.5458385136783688	0.32619566795207267	0.11657977296140412	3.220746084770334E-4
53	file:/C:/mallet/mydata/der_weg_zuruck/Der-Weg-zur├╝ck-Erich-Maria-Remarque_57.txt	2.074833234088211E-4	0.04386675007864319	0.014731490209108805	0.4794152054189135	0.012760682102768053	0.2577293030127466	0.19128908585441098
54	file:/C:/mallet/mydata/der_weg_zuruck/Der-Weg-zur├╝ck-Erich-Maria-Remarque_58.txt	1.7825295128995978E-4	2.3750702724250277E-4	1.730193710302399E-4	0.4332744931333874	0.01274624828736608	0.5495471815750765	0.0038432976546073296
55	file:/C:/mallet/mydata/der_weg_zuruck/Der-Weg-zur├╝ck-Erich-Maria-Remarque_59.txt	1.6977565238441558E-4	2.2621174125968195E-4	1.6479096912127685E-4	0.5077843417980732	0.024029489070617305	0.4673618494589473	2.6354130959673475E-4
56	file:/C:/mallet/mydata/der_weg_zuruck/Der-Weg-zur├╝ck-Erich-Maria-Remarque_6.txt	1.8762132682690127E-4	0.22736973948254763	1.8211268719273084E-4	0.5742983748613182	0.005908057317981961	3.0653324025231305E-4	0.1917475610838802
57	file:/C:/mallet/mydata/der_weg_zuruck/Der-Weg-zur├╝ck-Erich-Maria-Remarque_60.txt	0.04413295522380318	2.659646945340274E-4	1.9375024267194557E-4	0.8106948101412862	0.14407654373562406	3.261216480928083E-4	3.098543139877498E-4
58	file:/C:/mallet/mydata/der_weg_zuruck/Der-Weg-zur├╝ck-Erich-Maria-Remarque_61.txt	0.008440317628385983	2.74177560795836E-4	0.020786090248422758	0.6607446541680575	0.27821961015753227	3.361921331455685E-4	0.031198958103660045
59	file:/C:/mallet/mydata/der_weg_zuruck/Der-Weg-zur├╝ck-Erich-Maria-Remarque_62.txt	1.9343050199833428E-4	0.22860419563212597	1.8775130258222222E-4	0.6114313301612878	2.855653411828109E-4	0.14932176882487294	0.009975958235949794
60	file:/C:/mallet/mydata/der_weg_zuruck/Der-Weg-zur├╝ck-Erich-Maria-Remarque_63.txt	1.8691962206966107E-4	0.3948196140746113	0.002051434236148173	0.5777605038480942	2.7595319817008224E-4	0.024615421272134418	2.901537487720889E-4
61	file:/C:/mallet/mydata/der_weg_zuruck/Der-Weg-zur├╝ck-Erich-Maria-Remarque_64.txt	0.014841647706851742	0.3080724409699379	1.7777475292446164E-4	0.632078721560334	2.703912424273681E-4	2.992316015375602E-4	0.04425979216598695
62	file:/C:/mallet/mydata/der_weg_zuruck/Der-Weg-zur├╝ck-Erich-Maria-Remarque_65.txt	0.4198833333538251	2.6490667307207814E-4	0.0021820056386976654	0.5588415557181599	2.9351729819735855E-4	0.018226059620723142	3.086216973246586E-4
63	file:/C:/mallet/mydata/der_weg_zuruck/Der-Weg-zur├╝ck-Erich-Maria-Remarque_66.txt	0.004712909683023372	0.007804054720764909	0.12633361553876804	0.6932062889994054	0.010866552478421476	2.482798703584551E-4	0.15682829870925827
64	file:/C:/mallet/mydata/der_weg_zuruck/Der-Weg-zur├╝ck-Erich-Maria-Remarque_67.txt	1.7636587325077009E-4	2.349926548743646E-4	1.7118769838155276E-4	0.6139516862559722	2.603724864876494E-4	0.0038169834910959147	0.38138841153993747
65	file:/C:/mallet/mydata/der_weg_zuruck/Der-Weg-zur├╝ck-Erich-Maria-Remarque_68.txt	1.879741585945443E-4	2.5045971628025236E-4	0.10925450400077594	0.846177942680472	2.7751003165501326E-4	0.043559818715319505	2.9179069690264914E-4
66	file:/C:/mallet/mydata/der_weg_zuruck/Der-Weg-zur├╝ck-Erich-Maria-Remarque_69.txt	1.9724751668671655E-4	2.6281568400526525E-4	1.9145624814311118E-4	0.8089895231255254	0.18973051139155975	3.222603818247393E-4	3.06185652254886E-4
67	file:/C:/mallet/mydata/der_weg_zuruck/Der-Weg-zur├╝ck-Erich-Maria-Remarque_7.txt	0.07586396758460323	0.2069799798116586	1.7908732832536538E-4	0.7124250508655269	2.723876389211985E-4	0.0021472815009790434	0.0021322452699856008
68	file:/C:/mallet/mydata/der_weg_zuruck/Der-Weg-zur├╝ck-Erich-Maria-Remarque_70.txt	0.09044489494337746	2.5575018460596074E-4	0.009787686846587882	0.6028943125874426	2.833718846281851E-4	0.29603602935254875	2.979542008090917E-4
69	file:/C:/mallet/mydata/der_weg_zuruck/Der-Weg-zur├╝ck-Erich-Maria-Remarque_71.txt	1.663844269765241E-4	0.005215379534592202	1.6149931149177314E-4	0.3328498305202598	2.4563667656441666E-4	0.6611029923910434	2.58277139071801E-4
70	file:/C:/mallet/mydata/der_weg_zuruck/Der-Weg-zur├╝ck-Erich-Maria-Remarque_72.txt	1.9608668771793988E-4	2.612689772858761E-4	1.90329501592224E-4	0.5119332919123052	2.8948672159297297E-4	0.4868251524922433	3.043837072624643E-4
71	file:/C:/mallet/mydata/der_weg_zuruck/Der-Weg-zur├╝ck-Erich-Maria-Remarque_73.txt	1.8148945002575593E-4	2.4181938890524267E-4	0.29431591640269694	0.6935205336120362	0.00934632404316557	0.0021121925645450484	2.8172453862512374E-4
72	file:/C:/mallet/mydata/der_weg_zuruck/Der-Weg-zur├╝ck-Erich-Maria-Remarque_74.txt	0.3209955951469706	2.2972338502148795E-4	0.043288744827010964	0.5829364121078471	2.5453412147874563E-4	0.05030250213752425	0.0019924882741467085
73	file:/C:/mallet/mydata/der_weg_zuruck/Der-Weg-zur├╝ck-Erich-Maria-Remarque_75.txt	0.28106975239066107	2.9222511233378915E-4	2.1288045967418598E-4	0.7174025858457093	3.2378620154387535E-4	3.5832175174742455E-4	3.404482383303503E-4
74	file:/C:/mallet/mydata/der_weg_zuruck/Der-Weg-zur├╝ck-Erich-Maria-Remarque_76.txt	0.2200299132221332	3.049375743969943E-4	2.2214124751679482E-4	0.6524482818812354	0.10565920931403189	3.7390956909526187E-4	0.02096160719159033
75	file:/C:/mallet/mydata/der_weg_zuruck/Der-Weg-zur├╝ck-Erich-Maria-Remarque_77.txt	1.7122981213778013E-4	2.281492865157798E-4	1.66202434143785E-4	0.5429682717753741	0.30688638817530167	0.14931395992704116	2.6579858948570746E-4
76	file:/C:/mallet/mydata/der_weg_zuruck/Der-Weg-zur├╝ck-Erich-Maria-Remarque_78.txt	1.984221716701985E-4	0.08363764728008644	1.925964147712024E-4	0.6947025781064962	0.05389003451540893	0.04598096829733441	0.12139775321423261
77	file:/C:/mallet/mydata/der_weg_zuruck/Der-Weg-zur├╝ck-Erich-Maria-Remarque_79.txt	1.8215090462527598E-4	0.012998765043534942	1.7680287884596504E-4	0.6723582977381826	0.31370363638893384	2.975957368705175E-4	2.827513090067895E-4
78	file:/C:/mallet/mydata/der_weg_zuruck/Der-Weg-zur├╝ck-Erich-Maria-Remarque_8.txt	1.984221716701985E-4	0.2781752690372668	0.004162751960836108	0.7145533558368207	2.929346435327064E-4	3.2417951758800703E-4	0.0022930868322854764
79	file:/C:/mallet/mydata/der_weg_zuruck/Der-Weg-zur├╝ck-Erich-Maria-Remarque_80.txt	2.278174727676675E-4	0.03677006924771544	0.025291862309184544	0.5856578040235356	3.363315178640488E-4	0.34908331868766723	0.002632796741265355
80	file:/C:/mallet/mydata/der_weg_zuruck/Der-Weg-zur├╝ck-Erich-Maria-Remarque_9.txt	0.00386904394532392	2.4538369007144026E-4	1.7875737071935458E-4	0.6245177840925785	0.0021143254952849643	0.03714967983344403	0.3319250255725777
