0	file:/C:/mallet/mydata/die_nacht_von_lissabon/Die-Nacht-von-Lissabon-Erich-Maria-Remarque.txt	2.740222105043921E-4	0.06662826843388477	2.23470155949481E-4	0.2787549971575691	0.6518455485532593	2.2269661965817743E-4	0.002050996869174802
1	file:/C:/mallet/mydata/die_nacht_von_lissabon/Die-Nacht-von-Lissabon-Erich-Maria-Remarque_1.txt	0.024850541994163464	2.2590032937438103E-4	2.2896077010800206E-4	0.2799339972223422	0.69432102565452	2.2816822819469442E-4	2.1140580129721466E-4
2	file:/C:/mallet/mydata/die_nacht_von_lissabon/Die-Nacht-von-Lissabon-Erich-Maria-Remarque_10.txt	2.740222105043921E-4	0.0039098045134708685	2.23470155949481E-4	2.1123092278971803E-4	0.5706804775974296	2.2269661965817743E-4	0.4244782979801978
3	file:/C:/mallet/mydata/die_nacht_von_lissabon/Die-Nacht-von-Lissabon-Erich-Maria-Remarque_11.txt	2.9467830726081915E-4	2.3710336636705877E-4	2.40315583022599E-4	2.2715374295477855E-4	0.71288466524353	2.3948373671165007E-4	0.285876600020153
4	file:/C:/mallet/mydata/die_nacht_von_lissabon/Die-Nacht-von-Lissabon-Erich-Maria-Remarque_12.txt	0.01142629699597579	2.2212206577217641E-4	0.05783469351142622	2.1280110614240233E-4	0.5879312371202217	2.2435203317561228E-4	0.34214849716728607
5	file:/C:/mallet/mydata/die_nacht_von_lissabon/Die-Nacht-von-Lissabon-Erich-Maria-Remarque_13.txt	2.9178422606357347E-4	0.012020160193916994	0.002202186315934129	2.2492283093929874E-4	0.8571290947952317	2.3713172992192096E-4	0.1278947199079924
6	file:/C:/mallet/mydata/die_nacht_von_lissabon/Die-Nacht-von-Lissabon-Erich-Maria-Remarque_14.txt	2.781266042440599E-4	2.237855740230574E-4	2.2681736458411445E-4	2.1439480821173015E-4	0.7140332407340603	2.2603224201480228E-4	0.28479760267286197
7	file:/C:/mallet/mydata/die_nacht_von_lissabon/Die-Nacht-von-Lissabon-Erich-Maria-Remarque_15.txt	0.019001032915893435	2.237855740230574E-4	2.2681736458411445E-4	2.1439480821173015E-4	0.6709705562172666	0.0301826823406538	0.27918073077936717
8	file:/C:/mallet/mydata/die_nacht_von_lissabon/Die-Nacht-von-Lissabon-Erich-Maria-Remarque_16.txt	2.845190320614614E-4	2.289290342555163E-4	0.005977999896470119	2.1932243223261123E-4	0.8472792042278006	0.021299781767007833	0.1247102436101719
9	file:/C:/mallet/mydata/die_nacht_von_lissabon/Die-Nacht-von-Lissabon-Erich-Maria-Remarque_17.txt	2.740222105043921E-4	2.2048310638769875E-4	2.23470155949481E-4	2.1123092278971803E-4	0.7348552802126306	0.16439749923485927	0.09981801415687883
10	file:/C:/mallet/mydata/die_nacht_von_lissabon/Die-Nacht-von-Lissabon-Erich-Maria-Remarque_18.txt	2.720151081810672E-4	0.003881166770171561	2.2183332706479178E-4	2.0968374135829713E-4	0.753277702253864	0.24193277396303373	2.0482483632649337E-4
11	file:/C:/mallet/mydata/die_nacht_von_lissabon/Die-Nacht-von-Lissabon-Erich-Maria-Remarque_19.txt	2.929350100660031E-4	2.3570067867921586E-4	2.3889389207545005E-4	2.258099165748661E-4	0.6593678434346706	0.3394182397408424	2.2057732709144032E-4
12	file:/C:/mallet/mydata/die_nacht_von_lissabon/Die-Nacht-von-Lissabon-Erich-Maria-Remarque_2.txt	0.09531723896918415	2.184681087121074E-4	0.06053890468032556	0.071493591269066	0.7720066851230393	2.2066139265904296E-4	2.0445045701384388E-4
13	file:/C:/mallet/mydata/die_nacht_von_lissabon/Die-Nacht-von-Lissabon-Erich-Maria-Remarque_20.txt	2.745286226666226E-4	2.208905745503545E-4	2.238831443881191E-4	2.1162129227160416E-4	0.8378571811246185	0.002071177943762664	0.15914071729774212
14	file:/C:/mallet/mydata/die_nacht_von_lissabon/Die-Nacht-von-Lissabon-Erich-Maria-Remarque_21.txt	2.7102254269865137E-4	2.1806952073446468E-4	2.2102387164606036E-4	2.0891861898958842E-4	0.7030928841802677	2.2025880310598515E-4	0.2957678224625575
15	file:/C:/mallet/mydata/die_nacht_von_lissabon/Die-Nacht-von-Lissabon-Erich-Maria-Remarque_22.txt	0.004022707866573935	0.06575395766479587	2.2681736458411445E-4	2.1439480821173015E-4	0.6822043000042562	2.2603224201480228E-4	0.24735179004956323
16	file:/C:/mallet/mydata/die_nacht_von_lissabon/Die-Nacht-von-Lissabon-Erich-Maria-Remarque_23.txt	0.03169171463131959	0.07229561141793069	2.238831443881191E-4	0.02608459800527993	0.675227041785709	2.2310817854778327E-4	0.19425404283682485
17	file:/C:/mallet/mydata/die_nacht_von_lissabon/Die-Nacht-von-Lissabon-Erich-Maria-Remarque_24.txt	0.17881532508062747	2.2462670698103745E-4	2.276698929994368E-4	2.1520064451281413E-4	0.6753718315539741	0.0021062097467318885	0.14303913637417334
18	file:/C:/mallet/mydata/die_nacht_von_lissabon/Die-Nacht-von-Lissabon-Erich-Maria-Remarque_25.txt	0.12845246658885753	0.06614024320364299	0.0020529826339315983	2.0968374135829713E-4	0.8027187335392678	2.2106545661526282E-4	2.0482483632649337E-4
19	file:/C:/mallet/mydata/die_nacht_von_lissabon/Die-Nacht-von-Lissabon-Erich-Maria-Remarque_26.txt	0.030811660536412655	2.2805543455815217E-4	2.3114507211369868E-4	2.1848549160143855E-4	0.8135177354807537	0.09563105508510426	0.05936186289945605
20	file:/C:/mallet/mydata/die_nacht_von_lissabon/Die-Nacht-von-Lissabon-Erich-Maria-Remarque_27.txt	0.32677896673736495	0.002065143809929284	2.23470155949481E-4	2.1123092278971803E-4	0.6370882629249266	0.009446000137366104	0.024186925311673824
21	file:/C:/mallet/mydata/die_nacht_von_lissabon/Die-Nacht-von-Lissabon-Erich-Maria-Remarque_28.txt	0.30480093607088954	2.1926967194574844E-4	0.011229291677938295	2.1006840797796057E-4	0.6831137625789161	2.2147100308906044E-4	2.0520058924325483E-4
22	file:/C:/mallet/mydata/die_nacht_von_lissabon/Die-Nacht-von-Lissabon-Erich-Maria-Remarque_29.txt	0.32640684329204456	0.0019952144304833026	2.1590306582476034E-4	2.0407827449497637E-4	0.6707634559519556	2.1515572282448556E-4	1.993492623722335E-4
23	file:/C:/mallet/mydata/die_nacht_von_lissabon/Die-Nacht-von-Lissabon-Erich-Maria-Remarque_3.txt	0.32813343711455073	2.1531961516142896E-4	2.1823671104532E-4	0.011015047808128505	0.6599989734794799	2.1748129019115257E-4	2.0150398144294206E-4
24	file:/C:/mallet/mydata/die_nacht_von_lissabon/Die-Nacht-von-Lissabon-Erich-Maria-Remarque_30.txt	0.34446692300411497	2.176723845297808E-4	0.0020417662971123746	2.085381479033317E-4	0.6471781018713396	0.005683292505817436	2.0370578918249454E-4
25	file:/C:/mallet/mydata/die_nacht_von_lissabon/Die-Nacht-von-Lissabon-Erich-Maria-Remarque_31.txt	0.20739500721928836	0.037882378665305694	0.047299759835295475	0.0020984722893982667	0.6427518704028196	0.0021101754584023826	0.06046233612949027
26	file:/C:/mallet/mydata/die_nacht_von_lissabon/Die-Nacht-von-Lissabon-Erich-Maria-Remarque_32.txt	2.9178422606357347E-4	2.3477473756236287E-4	0.0041664172253265686	0.2103976301359302	0.7117760075001912	0.07291367537744214	2.1971079748387196E-4
27	file:/C:/mallet/mydata/die_nacht_von_lissabon/Die-Nacht-von-Lissabon-Erich-Maria-Remarque_33.txt	0.00201109885804895	2.092872513086985E-4	2.1212262224731812E-4	2.0050488196734906E-4	0.6450105179853256	0.3521606097266736	1.9585867442840763E-4
28	file:/C:/mallet/mydata/die_nacht_von_lissabon/Die-Nacht-von-Lissabon-Erich-Maria-Remarque_34.txt	2.624050516134604E-4	2.111357353298661E-4	2.1399614906417131E-4	0.06556116254827696	0.6807371915461627	0.25281652041608094	1.9758855347179938E-4
29	file:/C:/mallet/mydata/die_nacht_von_lissabon/Die-Nacht-von-Lissabon-Erich-Maria-Remarque_35.txt	0.004348363906711179	2.4190200859732769E-4	0.0022690400963115173	2.3175101865106277E-4	0.7090977112198438	0.2835848509911472	2.263807587379437E-4
30	file:/C:/mallet/mydata/die_nacht_von_lissabon/Die-Nacht-von-Lissabon-Erich-Maria-Remarque_36.txt	0.006030488421411972	0.005974898423606026	0.0040626767666866155	0.004049968691799618	0.6557468912494502	0.3239208362728013	2.1424017424417945E-4
31	file:/C:/mallet/mydata/die_nacht_von_lissabon/Die-Nacht-von-Lissabon-Erich-Maria-Remarque_37.txt	2.740222105043921E-4	0.1975991783853373	2.23470155949481E-4	2.1123092278971803E-4	0.7901951013188782	2.2269661965817743E-4	0.011274300386882728
32	file:/C:/mallet/mydata/die_nacht_von_lissabon/Die-Nacht-von-Lissabon-Erich-Maria-Remarque_38.txt	0.04238844916611762	0.27489126418645893	0.016702177088866052	0.002040833048225104	0.6635513862173905	2.2106545661526282E-4	2.0482483632649337E-4
33	file:/C:/mallet/mydata/die_nacht_von_lissabon/Die-Nacht-von-Lissabon-Erich-Maria-Remarque_39.txt	2.7102254269865137E-4	0.13522866909720987	0.031236972422998523	2.0891861898958842E-4	0.6884971436855136	0.14435319618880274	2.040774437870179E-4
34	file:/C:/mallet/mydata/die_nacht_von_lissabon/Die-Nacht-von-Lissabon-Erich-Maria-Remarque_4.txt	0.0883289252881054	0.05525452665061969	0.007560274546026698	2.1006840797796057E-4	0.6721067111831813	0.17633429333484568	2.0520058924325483E-4
35	file:/C:/mallet/mydata/die_nacht_von_lissabon/Die-Nacht-von-Lissabon-Erich-Maria-Remarque_40.txt	2.8616331772546695E-4	0.15434162165044193	0.06573070353018363	2.205899352481459E-4	0.7597089584180781	0.019496484842328285	2.154783059944929E-4
36	file:/C:/mallet/mydata/die_nacht_von_lissabon/Die-Nacht-von-Lissabon-Erich-Maria-Remarque_41.txt	2.770890218847131E-4	0.08043110191696855	0.002091277038934716	0.1270543922309826	0.7897123053417735	2.2518900349184398E-4	2.0864544596407367E-4
37	file:/C:/mallet/mydata/die_nacht_von_lissabon/Die-Nacht-von-Lissabon-Erich-Maria-Remarque_42.txt	0.011076368587428666	2.1531961516142896E-4	0.0020196973276766952	0.25060930982010143	0.6798150402624251	0.05606276040576378	2.0150398144294206E-4
38	file:/C:/mallet/mydata/die_nacht_von_lissabon/Die-Nacht-von-Lissabon-Erich-Maria-Remarque_43.txt	0.0021831166664598193	2.2718847687718368E-4	2.302663691085489E-4	0.19979754363312266	0.7305931746766766	0.06675609888084949	2.1261129690571234E-4
39	file:/C:/mallet/mydata/die_nacht_von_lissabon/Die-Nacht-von-Lissabon-Erich-Maria-Remarque_44.txt	2.6808783732114685E-4	2.1570820499741604E-4	0.016461036169095264	0.3990479495491345	0.5799780533526935	0.0038272972487156057	2.018676380426483E-4
40	file:/C:/mallet/mydata/die_nacht_von_lissabon/Die-Nacht-von-Lissabon-Erich-Maria-Remarque_45.txt	0.03449535660363654	0.0020167802317928043	0.2326066562564927	0.06686032692370114	0.6636018947127427	2.1748129019115257E-4	2.0150398144294206E-4
41	file:/C:/mallet/mydata/die_nacht_von_lissabon/Die-Nacht-von-Lissabon-Erich-Maria-Remarque_46.txt	2.7052897136585523E-4	2.176723845297808E-4	2.2062135514015703E-4	0.018419987567625504	0.7163816096662838	0.2642858742658723	2.0370578918249454E-4
42	file:/C:/mallet/mydata/die_nacht_von_lissabon/Die-Nacht-von-Lissabon-Erich-Maria-Remarque_47.txt	0.06310890063997256	2.208905745503545E-4	0.3532052083004303	2.1162129227160416E-4	0.5828235535249651	2.2310817854778327E-4	2.067174892623938E-4
43	file:/C:/mallet/mydata/die_nacht_von_lissabon/Die-Nacht-von-Lissabon-Erich-Maria-Remarque_48.txt	2.725141222270947E-4	2.1926967194574844E-4	0.3432753421159377	0.0020445769739337585	0.6537616255236234	2.2147100308906044E-4	2.0520058924325483E-4
44	file:/C:/mallet/mydata/die_nacht_von_lissabon/Die-Nacht-von-Lissabon-Erich-Maria-Remarque_49.txt	0.0021831166664598193	2.2718847687718368E-4	0.21881776353737994	0.004019176604149172	0.7743106741103308	2.294693078973309E-4	2.1261129690571234E-4
45	file:/C:/mallet/mydata/die_nacht_von_lissabon/Die-Nacht-von-Lissabon-Erich-Maria-Remarque_5.txt	0.25256448768744844	2.2336736539751563E-4	2.2639349017350587E-4	2.1399414897148671E-4	0.742599528692421	0.002094401544789533	0.0020778270707986013
46	file:/C:/mallet/mydata/die_nacht_von_lissabon/Die-Nacht-von-Lissabon-Erich-Maria-Remarque_50.txt	0.007568892790075701	0.020287212701021354	0.2556464825298428	2.0891861898958842E-4	0.6793748058762923	2.2025880310598515E-4	0.03669342868067227
47	file:/C:/mallet/mydata/die_nacht_von_lissabon/Die-Nacht-von-Lissabon-Erich-Maria-Remarque_51.txt	2.872701074681067E-4	0.004098828196067205	0.23422925273812975	2.2144310776376665E-4	0.7607134310162206	2.3346312601533927E-4	2.1631170833526705E-4
48	file:/C:/mallet/mydata/die_nacht_von_lissabon/Die-Nacht-von-Lissabon-Erich-Maria-Remarque_52.txt	0.06334302529976002	2.217100458149847E-4	0.20241162917682926	2.1240637587398732E-4	0.7185404022052381	0.01506334251600062	2.0748438048304388E-4
49	file:/C:/mallet/mydata/die_nacht_von_lissabon/Die-Nacht-von-Lissabon-Erich-Maria-Remarque_53.txt	2.720151081810672E-4	2.1886815643794806E-4	0.2547515869815509	0.013027728889425945	0.7313039105714624	2.2106545661526282E-4	2.0482483632649337E-4
50	file:/C:/mallet/mydata/die_nacht_von_lissabon/Die-Nacht-von-Lissabon-Erich-Maria-Remarque_54.txt	2.7657312841258337E-4	2.2253561995403613E-4	0.24226383449325056	2.1319730625446066E-4	0.7547289997759716	2.2476973918427E-4	0.0020700899369724517
51	file:/C:/mallet/mydata/die_nacht_von_lissabon/Die-Nacht-von-Lissabon-Erich-Maria-Remarque_55.txt	0.011598735204258871	0.003998310836028055	0.2511221660244223	2.1601256139135806E-4	0.7326260305649117	2.2773780746793935E-4	2.1100700151972354E-4
52	file:/C:/mallet/mydata/die_nacht_von_lissabon/Die-Nacht-von-Lissabon-Erich-Maria-Remarque_56.txt	2.624050516134604E-4	2.111357353298661E-4	0.12033303125836879	0.10265674692026809	0.6330428687821742	0.13269748530677633	0.010796326945469264
53	file:/C:/mallet/mydata/die_nacht_von_lissabon/Die-Nacht-von-Lissabon-Erich-Maria-Remarque_57.txt	2.725141222270947E-4	2.1926967194574844E-4	2.2224028220350662E-4	0.3506012045055354	0.648258099825756	2.2147100308906044E-4	2.0520058924325483E-4
54	file:/C:/mallet/mydata/die_nacht_von_lissabon/Die-Nacht-von-Lissabon-Erich-Maria-Remarque_58.txt	2.624050516134604E-4	2.111357353298661E-4	2.1399614906417131E-4	0.4223853550788583	0.5747498076261881	0.001979711805474265	1.9758855347179938E-4
55	file:/C:/mallet/mydata/die_nacht_von_lissabon/Die-Nacht-von-Lissabon-Erich-Maria-Remarque_59.txt	2.720151081810672E-4	0.025854958452573244	0.10093504520473916	0.31150506590871546	0.5390332333504476	2.2106545661526282E-4	0.022178616518728177
56	file:/C:/mallet/mydata/die_nacht_von_lissabon/Die-Nacht-von-Lissabon-Erich-Maria-Remarque_6.txt	0.2478523737512643	2.276211302089662E-4	2.307048839186382E-4	2.1806941206612562E-4	0.697705651050541	2.2990630479949894E-4	0.05353567346720147
57	file:/C:/mallet/mydata/die_nacht_von_lissabon/Die-Nacht-von-Lissabon-Erich-Maria-Remarque_60.txt	0.005950705750869736	2.2590032937438103E-4	0.2534867664302439	0.009666338943241901	0.7283407308924488	2.2816822819469442E-4	0.0021013894256265873
58	file:/C:/mallet/mydata/die_nacht_von_lissabon/Die-Nacht-von-Lissabon-Erich-Maria-Remarque_61.txt	2.695472023176083E-4	0.14900882429291107	0.20889144647959004	0.005651388976919117	0.6321276949687882	0.00384813155321685	2.0296652625712887E-4
59	file:/C:/mallet/mydata/die_nacht_von_lissabon/Die-Nacht-von-Lissabon-Erich-Maria-Remarque_62.txt	2.6857253332339696E-4	0.26418039078270483	2.1902584390897295E-4	0.02009475069524239	0.7130087852369916	2.1826769149136204E-4	0.002010207216337317
60	file:/C:/mallet/mydata/die_nacht_von_lissabon/Die-Nacht-von-Lissabon-Erich-Maria-Remarque_63.txt	2.786483148733873E-4	2.2420535160231947E-4	0.2534606044870011	2.1479697056732595E-4	0.6047002681420341	2.2645623389990196E-4	0.14089502050002178
61	file:/C:/mallet/mydata/die_nacht_von_lissabon/Die-Nacht-von-Lissabon-Erich-Maria-Remarque_64.txt	0.007991731797471646	0.0021566441754549046	2.3337145234110865E-4	2.205899352481459E-4	0.7847520559772531	0.20443012835623658	2.154783059944929E-4
62	file:/C:/mallet/mydata/die_nacht_von_lissabon/Die-Nacht-von-Lissabon-Erich-Maria-Remarque_65.txt	0.0020690655042717903	0.26142710902671085	0.0020196973276766952	0.007412126574865754	0.7140427919784212	0.012827705606610779	2.0150398144294206E-4
63	file:/C:/mallet/mydata/die_nacht_von_lissabon/Die-Nacht-von-Lissabon-Erich-Maria-Remarque_66.txt	2.725141222270947E-4	0.32492728584612196	2.2224028220350662E-4	2.1006840797796057E-4	0.6721067111831813	2.2147100308906044E-4	0.0020397091551990526
64	file:/C:/mallet/mydata/die_nacht_von_lissabon/Die-Nacht-von-Lissabon-Erich-Maria-Remarque_67.txt	2.6808783732114685E-4	0.35935334322007084	2.186305653984772E-4	2.0665639169105968E-4	0.6377288288325043	0.002022585514971518	2.018676380426483E-4
65	file:/C:/mallet/mydata/die_nacht_von_lissabon/Die-Nacht-von-Lissabon-Erich-Maria-Remarque_68.txt	2.740222105043921E-4	0.2363370531597106	2.23470155949481E-4	2.1123092278971803E-4	0.7533018872480465	0.009446000137366104	2.0633616563321667E-4
66	file:/C:/mallet/mydata/die_nacht_von_lissabon/Die-Nacht-von-Lissabon-Erich-Maria-Remarque_69.txt	2.7003719449495637E-4	0.31106695944197654	2.2022030205095733E-4	0.011115165472357469	0.6769048240882823	2.1945801504670624E-4	2.0333548579102277E-4
67	file:/C:/mallet/mydata/die_nacht_von_lissabon/Die-Nacht-von-Lissabon-Erich-Maria-Remarque_7.txt	0.28813493444798727	2.0604027896169792E-4	2.0883166073722416E-4	0.0019212196850105427	0.653965628391252	2.081087952267622E-4	0.05535523674082442
68	file:/C:/mallet/mydata/die_nacht_von_lissabon/Die-Nacht-von-Lissabon-Erich-Maria-Remarque_70.txt	0.07285098225455339	0.32864787604719464	2.1982070441219496E-4	2.0778134800143375E-4	0.5958369774426703	0.0020335956769109557	2.0296652625712887E-4
69	file:/C:/mallet/mydata/die_nacht_von_lissabon/Die-Nacht-von-Lissabon-Erich-Maria-Remarque_71.txt	0.005808004321129148	0.13303605376138183	0.06847591618698813	2.1123092278971803E-4	0.7625251907657544	0.029737267876323536	2.0633616563321667E-4
70	file:/C:/mallet/mydata/die_nacht_von_lissabon/Die-Nacht-von-Lissabon-Erich-Maria-Remarque_72.txt	0.01015282375349422	2.3570067867921586E-4	2.3889389207545005E-4	0.07713294211531498	0.911780995266433	2.3806696691174768E-4	2.2057732709144032E-4
71	file:/C:/mallet/mydata/die_nacht_von_lissabon/Die-Nacht-von-Lissabon-Erich-Maria-Remarque_73.txt	0.1076899007476141	0.0021861234929450267	2.365614227659903E-4	0.1915905676068739	0.6978426804646433	2.3574257138579406E-4	2.1842369377192053E-4
72	file:/C:/mallet/mydata/die_nacht_von_lissabon/Die-Nacht-von-Lissabon-Erich-Maria-Remarque_8.txt	0.1568529461974785	2.254741868535189E-4	2.2852885431565872E-4	0.009648104184327698	0.6892384090994046	0.12095851058105309	0.02284802689656694
73	file:/C:/mallet/mydata/die_nacht_von_lissabon/Die-Nacht-von-Lissabon-Erich-Maria-Remarque_9.txt	0.25573835900031255	0.013084833873461307	2.2264873321178283E-4	2.1045448853993092E-4	0.6255570782869423	2.218780402545048E-4	0.10496474757727764
