0	file:/C:/mallet/mydata/liebe_deinen_nachsten/Liebe-Deinen-N├дchsten-Erich-Maria-Remarque.txt	3.2899446948236156E-4	0.6263228429166793	2.489100299227503E-4	0.37081997693629387	0.0019602363215709875	1.8249783917689247E-4	1.3654148687394058E-4
1	file:/C:/mallet/mydata/liebe_deinen_nachsten/Liebe-Deinen-N├дchsten-Erich-Maria-Remarque_1.txt	3.2678232564473114E-4	0.6506882831783852	2.472363702114354E-4	0.3464737482238434	0.0019470557817707734	1.8127073201320296E-4	1.3562338813129506E-4
2	file:/C:/mallet/mydata/liebe_deinen_nachsten/Liebe-Deinen-N├дchsten-Erich-Maria-Remarque_10.txt	0.35261657525099555	0.6371496578459165	2.6844528312062354E-4	0.005681970680791874	2.888914538547949E-4	0.0038472017869749867	1.472576983457095E-4
3	file:/C:/mallet/mydata/liebe_deinen_nachsten/Liebe-Deinen-N├дchsten-Erich-Maria-Remarque_100.txt	0.35782394645212345	0.633858563137651	0.007487213608066685	2.041634548541983E-4	2.8576203302275104E-4	1.9468878707317835E-4	1.456625272088246E-4
4	file:/C:/mallet/mydata/liebe_deinen_nachsten/Liebe-Deinen-N├дchsten-Erich-Maria-Remarque_101.txt	0.09045860904814625	0.7462526654794953	2.6505880350999176E-4	0.16239868168135588	2.8524704257368685E-4	1.943379256769949E-4	1.4540001924194878E-4
5	file:/C:/mallet/mydata/liebe_deinen_nachsten/Liebe-Deinen-N├дchsten-Erich-Maria-Remarque_102.txt	0.07201785514137679	0.7118880227817186	0.003664655813701407	0.16575365871620915	2.7015429797586126E-4	0.046267946509731574	1.377067392866596E-4
6	file:/C:/mallet/mydata/liebe_deinen_nachsten/Liebe-Deinen-N├дchsten-Erich-Maria-Remarque_103.txt	0.11147027918350838	0.6843112733253615	2.553933223141128E-4	0.003669261387769801	2.748453887155002E-4	0.19466950340788305	0.005349443984447725
7	file:/C:/mallet/mydata/liebe_deinen_nachsten/Liebe-Deinen-N├дchsten-Erich-Maria-Remarque_104.txt	0.1613770663338251	0.6680702963511977	2.493319914128951E-4	1.917036589828762E-4	2.6832239573908433E-4	0.16801126932083382	0.001832009948008534
8	file:/C:/mallet/mydata/liebe_deinen_nachsten/Liebe-Deinen-N├дchsten-Erich-Maria-Remarque_105.txt	0.009568085232754433	0.6761738162822254	2.709176648172627E-4	0.0075763021204370805	0.009501554525571693	0.2967607102320962	1.4861394209805565E-4
9	file:/C:/mallet/mydata/liebe_deinen_nachsten/Liebe-Deinen-N├дchsten-Erich-Maria-Remarque_106.txt	8.003642519955813E-4	0.8443671429578701	0.02119115572774516	4.6557953140632556E-4	6.516590029467535E-4	0.1321919259988741	3.321725291618768E-4
10	file:/C:/mallet/mydata/liebe_deinen_nachsten/Liebe-Deinen-N├дchsten-Erich-Maria-Remarque_11.txt	0.22620022890638647	0.7476171722798791	0.01998085182384296	2.0269962379266965E-4	0.005661136335882544	1.932928884092741E-4	1.446181418070331E-4
11	file:/C:/mallet/mydata/liebe_deinen_nachsten/Liebe-Deinen-N├дchsten-Erich-Maria-Remarque_12.txt	0.10356938808733608	0.7511935633445197	2.617567014131427E-4	0.07138981777347271	0.0696905405460887	0.0037513449211056546	1.435886260640473E-4
12	file:/C:/mallet/mydata/liebe_deinen_nachsten/Liebe-Deinen-N├дchsten-Erich-Maria-Remarque_13.txt	0.0020704172058755273	0.6224547088878774	2.5495061365770575E-4	0.05046574455702412	0.32442739691812383	1.8692672249404362E-4	1.3985509494756197E-4
13	file:/C:/mallet/mydata/liebe_deinen_nachsten/Liebe-Deinen-N├дchsten-Erich-Maria-Remarque_14.txt	3.3697855369890453E-4	0.6727244298009993	0.00892214387454082	1.9602364390205605E-4	0.3001592557876511	1.8692672249404362E-4	0.01747424161671379
14	file:/C:/mallet/mydata/liebe_deinen_nachsten/Liebe-Deinen-N├дchsten-Erich-Maria-Remarque_15.txt	0.005615162832566666	0.7454659775949232	2.585358621085276E-4	1.987802305818899E-4	0.24813016628608975	1.8955538352224865E-4	1.4182181020784952E-4
15	file:/C:/mallet/mydata/liebe_deinen_nachsten/Liebe-Deinen-N├дchsten-Erich-Maria-Remarque_16.txt	0.03170374377752612	0.8801136210125752	0.02639378642500625	1.9704835762039742E-4	0.06126331035768001	1.8790388205016298E-4	1.4058618754190383E-4
16	file:/C:/mallet/mydata/liebe_deinen_nachsten/Liebe-Deinen-N├дchsten-Erich-Maria-Remarque_17.txt	3.3697855369890453E-4	0.78019762623595	2.5495061365770575E-4	1.9602364390205605E-4	2.7436896109532825E-4	0.014054435939907026	0.20468561605178906
17	file:/C:/mallet/mydata/liebe_deinen_nachsten/Liebe-Deinen-N├дchsten-Erich-Maria-Remarque_18.txt	3.1615332288274176E-4	0.6148870237959807	0.0018655070676681523	1.839094081892007E-4	2.57412994963708E-4	1.7537467534173274E-4	0.3823146187349738
18	file:/C:/mallet/mydata/liebe_deinen_nachsten/Liebe-Deinen-N├дchsten-Erich-Maria-Remarque_19.txt	3.3581432663142935E-4	0.6894021821959156	0.007163868967628963	0.02956199292854921	0.27321048876220083	1.862809094368826E-4	1.3937190963717646E-4
19	file:/C:/mallet/mydata/liebe_deinen_nachsten/Liebe-Deinen-N├дchsten-Erich-Maria-Remarque_2.txt	3.405201787369165E-4	0.653519869630245	2.5763012980754786E-4	0.3435228542311015	2.772525629495186E-4	1.8889131149649375E-4	0.001892981955663101
20	file:/C:/mallet/mydata/liebe_deinen_nachsten/Liebe-Deinen-N├дchsten-Erich-Maria-Remarque_20.txt	3.405201787369165E-4	0.8059140279156382	2.5763012980754786E-4	0.008956368799951073	0.18244957970870682	0.0019405483032826217	1.4132496387697283E-4
21	file:/C:/mallet/mydata/liebe_deinen_nachsten/Liebe-Deinen-N├дchsten-Erich-Maria-Remarque_21.txt	0.18268115870619994	0.6746233781070354	0.002030628913599049	2.0018780321142825E-4	0.09056357708202337	0.021434045789951423	0.02846702359797947
22	file:/C:/mallet/mydata/liebe_deinen_nachsten/Liebe-Deinen-N├дchsten-Erich-Maria-Remarque_22.txt	0.014455057321924411	0.6281428641290496	2.594479853174927E-4	0.009019565540115942	0.3477905187199879	1.9022414128484622E-4	1.423221623198274E-4
23	file:/C:/mallet/mydata/liebe_deinen_nachsten/Liebe-Deinen-N├дchsten-Erich-Maria-Remarque_23.txt	0.048453306641850595	0.6892849662648567	2.527598948008662E-4	0.19610832127150954	0.06385812835192595	0.001903864215571826	1.3865335948463791E-4
24	file:/C:/mallet/mydata/liebe_deinen_nachsten/Liebe-Deinen-N├дchsten-Erich-Maria-Remarque_24.txt	0.38013224108654287	0.551801470121979	0.005408391000158777	0.06206191253220384	2.720113858450486E-4	1.8532051378585546E-4	1.3865335948463791E-4
25	file:/C:/mallet/mydata/liebe_deinen_nachsten/Liebe-Deinen-N├дchsten-Erich-Maria-Remarque_25.txt	0.1505499236120978	0.5974444637786394	2.5990646468795317E-4	1.9983404452689684E-4	0.08333500287916658	0.1680682955562218	1.4257366465970152E-4
26	file:/C:/mallet/mydata/liebe_deinen_nachsten/Liebe-Deinen-N├дchsten-Erich-Maria-Remarque_26.txt	0.21739374615054555	0.72543923824855	2.6601761900848917E-4	0.01105663971650869	2.862788863823001E-4	0.04541215339424125	1.4592598476388156E-4
27	file:/C:/mallet/mydata/liebe_deinen_nachsten/Liebe-Deinen-N├дchsten-Erich-Maria-Remarque_27.txt	0.17653766325495066	0.5856801586960281	0.02695746712858921	0.01799839691912059	0.01629911969173657	0.16036617942720524	0.016161014882369686
28	file:/C:/mallet/mydata/liebe_deinen_nachsten/Liebe-Deinen-N├дchsten-Erich-Maria-Remarque_28.txt	0.04014266524236466	0.7923605647138835	0.06537865958527901	2.0453272213026823E-4	0.10157261083391422	1.95040917664499E-4	1.4592598476388156E-4
29	file:/C:/mallet/mydata/liebe_deinen_nachsten/Liebe-Deinen-N├дchsten-Erich-Maria-Remarque_29.txt	3.3639543285318116E-4	0.7615431513802807	0.0037153875216730686	1.9568443693544275E-4	0.2338831648868312	1.8660325719539907E-4	1.3961308423100636E-4
30	file:/C:/mallet/mydata/liebe_deinen_nachsten/Liebe-Deinen-N├дchsten-Erich-Maria-Remarque_3.txt	3.256873721120088E-4	0.5781430573166013	0.0019217640636678126	0.3201824727300422	0.09743583010704995	0.0018560194573397737	1.3516895318699035E-4
31	file:/C:/mallet/mydata/liebe_deinen_nachsten/Liebe-Deinen-N├дchsten-Erich-Maria-Remarque_30.txt	0.0055954911540953	0.7375994052359791	0.04229739793267462	0.0019497408328065626	0.21222774856907098	1.8889131149649375E-4	1.4132496387697283E-4
32	file:/C:/mallet/mydata/liebe_deinen_nachsten/Liebe-Deinen-N├дchsten-Erich-Maria-Remarque_31.txt	3.4171732180883827E-4	0.6575752190822927	2.585358621085276E-4	0.001956595400834499	0.3395365551392254	1.8955538352224865E-4	1.4182181020784952E-4
33	file:/C:/mallet/mydata/liebe_deinen_nachsten/Liebe-Deinen-N├дchsten-Erich-Maria-Remarque_32.txt	3.2191214970070007E-4	0.4489022076748953	2.435517014634618E-4	1.8725937276429272E-4	0.5500328977888449	1.785691772193021E-4	1.3360213511211217E-4
34	file:/C:/mallet/mydata/liebe_deinen_nachsten/Liebe-Deinen-N├дchsten-Erich-Maria-Remarque_33.txt	0.12193159626502738	0.7263150630516945	0.0036772084116607788	1.936735948356967E-4	0.14755959451585188	1.8468573278009753E-4	1.3817842814979888E-4
35	file:/C:/mallet/mydata/liebe_deinen_nachsten/Liebe-Deinen-N├дchsten-Erich-Maria-Remarque_34.txt	0.00749149599051947	0.8271058623245658	2.6269173374054945E-4	2.0197555178237876E-4	0.019929485317894603	0.14486438753635034	1.4410154514689398E-4
36	file:/C:/mallet/mydata/liebe_deinen_nachsten/Liebe-Deinen-N├дchsten-Erich-Maria-Remarque_35.txt	3.24599731823082E-4	0.7047839496985007	2.4558506739679945E-4	1.888227649598271E-4	2.6429008675637474E-4	0.27235113921050347	0.021841613440059856
37	file:/C:/mallet/mydata/liebe_deinen_nachsten/Liebe-Deinen-N├дchsten-Erich-Maria-Remarque_36.txt	0.00733430096631392	0.7607899600681508	2.5717963929423307E-4	1.9773747279367747E-4	0.10169522293825389	1.8856101727221058E-4	0.1295370378979213
38	file:/C:/mallet/mydata/liebe_deinen_nachsten/Liebe-Deinen-N├дchsten-Erich-Maria-Remarque_37.txt	3.2514264239899413E-4	0.605609499633805	0.0019185498095194398	1.891385812283554E-4	2.647321261949254E-4	0.011888239091627766	0.37980469811522566
39	file:/C:/mallet/mydata/liebe_deinen_nachsten/Liebe-Deinen-N├дchsten-Erich-Maria-Remarque_38.txt	3.429229120027295E-4	0.5293579232595979	2.594479853174927E-4	1.994815339148916E-4	2.7920887566643804E-4	1.9022414128484622E-4	0.4693707912922158
40	file:/C:/mallet/mydata/liebe_deinen_nachsten/Liebe-Deinen-N├дchsten-Erich-Maria-Remarque_39.txt	0.012558124069579419	0.5569791193364649	2.56730721480971E-4	1.9739231376736375E-4	2.762846510679858E-4	0.008915940929890743	0.4208164079777487
41	file:/C:/mallet/mydata/liebe_deinen_nachsten/Liebe-Deinen-N├дchsten-Erich-Maria-Remarque_4.txt	0.0021181490648567555	0.6350315165249312	0.005581033499622982	0.13320567276124468	2.8069432417802644E-4	0.009058244835725801	0.21472468898944064
42	file:/C:/mallet/mydata/liebe_deinen_nachsten/Liebe-Deinen-N├дchsten-Erich-Maria-Remarque_40.txt	0.029979828488262705	0.5669689522146398	2.4234776420543704E-4	0.01172058667032271	0.03651131554096525	1.7768646490689643E-4	0.35439928285669725
43	file:/C:/mallet/mydata/liebe_deinen_nachsten/Liebe-Deinen-N├дchsten-Erich-Maria-Remarque_41.txt	0.3674389059794575	0.572962455884101	2.608283018375338E-4	2.005428166084878E-4	2.8069432417802644E-4	0.003738039637940353	0.055118533055877196
44	file:/C:/mallet/mydata/liebe_deinen_nachsten/Liebe-Deinen-N├дchsten-Erich-Maria-Remarque_42.txt	0.061756691431587116	0.5809679325162231	2.580822012999104E-4	0.35640875906836034	2.777390665272933E-4	1.8922276487559319E-4	1.4157295112666163E-4
45	file:/C:/mallet/mydata/liebe_deinen_nachsten/Liebe-Deinen-N├дchsten-Erich-Maria-Remarque_43.txt	3.3180212602772696E-4	0.5838772138257381	2.510342415419282E-4	0.2937644676721896	0.001976965084055601	1.8405528557860932E-4	0.11961446176486842
46	file:/C:/mallet/mydata/liebe_deinen_nachsten/Liebe-Deinen-N├дchsten-Erich-Maria-Remarque_44.txt	0.005715633098243571	0.5458815612297714	2.6316175943823656E-4	0.4475191319855592	2.832055098876023E-4	1.9294703578788075E-4	1.4435938131223886E-4
47	file:/C:/mallet/mydata/liebe_deinen_nachsten/Liebe-Deinen-N├дchsten-Erich-Maria-Remarque_45.txt	3.5224336008238906E-4	0.648839350464405	2.6649963276327413E-4	0.3462896006761063	0.0039107211452239655	1.9539432435015602E-4	1.4619039706897208E-4
48	file:/C:/mallet/mydata/liebe_deinen_nachsten/Liebe-Deinen-N├дchsten-Erich-Maria-Remarque_46.txt	0.02526197083428628	0.6283932953795098	2.617567014131427E-4	0.3401266360737118	0.005620835520866147	1.919168641488457E-4	1.435886260640473E-4
49	file:/C:/mallet/mydata/liebe_deinen_nachsten/Liebe-Deinen-N├дchsten-Erich-Maria-Remarque_47.txt	3.4659126893208563E-4	0.6830002613804952	2.622233840483286E-4	0.30507530229938823	2.8219566301117103E-4	0.0019751460878280522	0.009058279916296987
50	file:/C:/mallet/mydata/liebe_deinen_nachsten/Liebe-Deinen-N├дchsten-Erich-Maria-Remarque_48.txt	0.036675615320219554	0.794421493183136	2.5450943716198547E-4	1.9568443693544275E-4	0.0020043332245886073	1.8660325719539907E-4	0.166261761140763
51	file:/C:/mallet/mydata/liebe_deinen_nachsten/Liebe-Deinen-N├дchsten-Erich-Maria-Remarque_49.txt	3.295521930768478E-4	0.6409465044959138	2.493319914128951E-4	0.04426786542381923	0.005354033368604818	1.8280721626463454E-4	0.3086699053109078
52	file:/C:/mallet/mydata/liebe_deinen_nachsten/Liebe-Deinen-N├дchsten-Erich-Maria-Remarque_5.txt	0.027878692972641107	0.7111295979780471	2.531950215104064E-4	0.25153399188620174	0.00887999054660068	1.8563954345406086E-4	1.3889205154504877E-4
53	file:/C:/mallet/mydata/liebe_deinen_nachsten/Liebe-Deinen-N├дchsten-Erich-Maria-Remarque_50.txt	3.429229120027295E-4	0.6281428641290496	0.1519648928919756	1.994815339148916E-4	0.01262732648434791	1.9022414128484622E-4	0.20653228790742442
54	file:/C:/mallet/mydata/liebe_deinen_nachsten/Liebe-Deinen-N├дchsten-Erich-Maria-Remarque_51.txt	3.4659126893208563E-4	0.6990462448987691	0.28730703965539156	0.010898937797701052	0.0020650827205971538	1.9225903024206917E-4	1.4384462836707345E-4
55	file:/C:/mallet/mydata/liebe_deinen_nachsten/Liebe-Deinen-N├дchsten-Erich-Maria-Remarque_52.txt	0.13359371913948007	0.8379206092814724	0.02399592136186814	0.0020315897455999493	0.0021140819214507576	1.9682085178306105E-4	1.472576983457095E-4
56	file:/C:/mallet/mydata/liebe_deinen_nachsten/Liebe-Deinen-N├дchsten-Erich-Maria-Remarque_53.txt	3.6007261379348025E-4	0.8040309242198813	0.15030353377513248	0.009470637352120994	0.02066776749515962	0.01501762479756231	1.4943974634985116E-4
57	file:/C:/mallet/mydata/liebe_deinen_nachsten/Liebe-Deinen-N├дchsten-Erich-Maria-Remarque_54.txt	0.0021219120673934854	0.698339012780966	0.2809565508859963	0.00553055591183019	0.012717058906642627	1.9157591380752388E-4	1.4333353336396805E-4
58	file:/C:/mallet/mydata/liebe_deinen_nachsten/Liebe-Deinen-N├дchsten-Erich-Maria-Remarque_55.txt	0.002028227510333683	0.7897709716745855	0.2057217550259617	1.9202919397584738E-4	2.687780382118174E-4	0.0018812333435725217	1.370052133589291E-4
59	file:/C:/mallet/mydata/liebe_deinen_nachsten/Liebe-Deinen-N├дchsten-Erich-Maria-Remarque_56.txt	3.580828520153141E-4	0.7406438329473992	0.2489409819447735	0.009418302596584905	2.9155214483257274E-4	1.9863357229656214E-4	1.4861394209805565E-4
60	file:/C:/mallet/mydata/liebe_deinen_nachsten/Liebe-Deinen-N├дchsten-Erich-Maria-Remarque_57.txt	0.007697726325492982	0.8296872879957066	0.161770995065949	2.075356542977178E-4	2.9048200883539834E-4	1.9790449195971897E-4	1.4806845775866776E-4
61	file:/C:/mallet/mydata/liebe_deinen_nachsten/Liebe-Deinen-N├дchsten-Erich-Maria-Remarque_58.txt	3.1770337768093266E-4	0.6048274398850386	0.13752038699661626	0.0034533829841622457	0.18493298708161254	1.7623451244392081E-4	0.06877186516244554
62	file:/C:/mallet/mydata/liebe_deinen_nachsten/Liebe-Deinen-N├дchsten-Erich-Maria-Remarque_59.txt	0.1341043602026727	0.5200468924345776	0.024764314401773468	2.1300855823407462E-4	0.32051632783171263	2.0312341338666218E-4	1.5197315764293534E-4
63	file:/C:/mallet/mydata/liebe_deinen_nachsten/Liebe-Deinen-N├дchsten-Erich-Maria-Remarque_6.txt	0.07076231502413488	0.7151024210889685	0.05984436651002687	0.0038150015860238663	0.11402716316486729	0.03630307009876985	1.456625272088246E-4
64	file:/C:/mallet/mydata/liebe_deinen_nachsten/Liebe-Deinen-N├дchsten-Erich-Maria-Remarque_60.txt	0.011224013957417579	0.7865484446973174	0.13435167033323064	2.049033276027097E-4	0.06551742119679005	1.9539432435015602E-4	0.001958152163291504
65	file:/C:/mallet/mydata/liebe_deinen_nachsten/Liebe-Deinen-N├дchsten-Erich-Maria-Remarque_61.txt	3.3293865259442903E-4	0.7811200918347628	0.2177593520955216	1.936735948356967E-4	2.7107966135563857E-4	1.8468573278009753E-4	1.3817842814979888E-4
66	file:/C:/mallet/mydata/liebe_deinen_nachsten/Liebe-Deinen-N├дchsten-Erich-Maria-Remarque_62.txt	0.05122830736330493	0.6125530847210697	0.33541164170828275	1.984314248130986E-4	2.777390665272933E-4	1.8922276487559319E-4	1.4157295112666163E-4
67	file:/C:/mallet/mydata/liebe_deinen_nachsten/Liebe-Deinen-N├дchsten-Erich-Maria-Remarque_63.txt	0.05504369645539517	0.7148148873275394	0.2276454164423327	1.9334246547989624E-4	0.0019803451585323445	1.8436997023243122E-4	1.379421804881722E-4
68	file:/C:/mallet/mydata/liebe_deinen_nachsten/Liebe-Deinen-N├дchsten-Erich-Maria-Remarque_64.txt	0.02809157939949189	0.7230455281239347	0.24801266034551994	2.0907043151458248E-4	2.9263019474869736E-4	1.993680443618485E-4	1.491634604283213E-4
69	file:/C:/mallet/mydata/liebe_deinen_nachsten/Liebe-Deinen-N├дchsten-Erich-Maria-Remarque_65.txt	3.775556681915881E-4	0.8158796618342441	0.1828496166909412	2.1962773904276298E-4	3.074069708600428E-4	2.094354161100776E-4	1.5669568061030115E-4
70	file:/C:/mallet/mydata/liebe_deinen_nachsten/Liebe-Deinen-N├дchsten-Erich-Maria-Remarque_66.txt	0.18755119264677844	0.6993852868853876	0.0516566279304681	2.075356542977178E-4	0.06085338393334988	1.9790449195971897E-4	1.4806845775866776E-4
71	file:/C:/mallet/mydata/liebe_deinen_nachsten/Liebe-Deinen-N├дchsten-Erich-Maria-Remarque_67.txt	0.04405477611678358	0.7572927719585824	0.15413345646030993	1.9773747279367747E-4	0.04399161913037301	1.8856101727221058E-4	1.4107784388534494E-4
72	file:/C:/mallet/mydata/liebe_deinen_nachsten/Liebe-Deinen-N├дchsten-Erich-Maria-Remarque_68.txt	3.554637941033474E-4	0.6876849564983174	0.3111186756154587	2.0677668483807388E-4	2.894196999322457E-4	1.971807441977643E-4	1.4752696315256894E-4
73	file:/C:/mallet/mydata/liebe_deinen_nachsten/Liebe-Deinen-N├дchsten-Erich-Maria-Remarque_69.txt	0.02913248383220668	0.7628994485064285	0.12618922307823216	0.07575821356313416	0.005681504237633604	1.9398832662639395E-4	1.4513845573854478E-4
74	file:/C:/mallet/mydata/liebe_deinen_nachsten/Liebe-Deinen-N├дchsten-Erich-Maria-Remarque_7.txt	0.1685190599359351	0.7631364954211906	2.6036656731594584E-4	2.0018780321142825E-4	0.06400964188777683	0.0037314223271203936	1.4282605744982016E-4
75	file:/C:/mallet/mydata/liebe_deinen_nachsten/Liebe-Deinen-N├дchsten-Erich-Maria-Remarque_70.txt	3.459744355886191E-4	0.633732437464945	0.025177753100110806	2.0125663433654523E-4	0.014519405663258168	1.919168641488457E-4	0.3258312558376121
76	file:/C:/mallet/mydata/liebe_deinen_nachsten/Liebe-Deinen-N├дchsten-Erich-Maria-Remarque_71.txt	3.441370390403218E-4	0.805622791731985	0.17020555181049382	2.0018780321142825E-4	2.8019742158511874E-4	1.9089763455418742E-4	0.02315623655913016
77	file:/C:/mallet/mydata/liebe_deinen_nachsten/Liebe-Deinen-N├дchsten-Erich-Maria-Remarque_72.txt	0.01435377611302594	0.7305927772688346	0.21571144011950127	0.03873453766031525	2.772525629495186E-4	1.8889131149649375E-4	1.4132496387697283E-4
78	file:/C:/mallet/mydata/liebe_deinen_nachsten/Liebe-Deinen-N├дchsten-Erich-Maria-Remarque_73.txt	3.4845503685818096E-4	0.7135601587598709	0.2834745880049593	2.0269962379266965E-4	2.837131485128225E-4	0.0019857672841991814	1.446181418070331E-4
79	file:/C:/mallet/mydata/liebe_deinen_nachsten/Liebe-Deinen-N├дchsten-Erich-Maria-Remarque_74.txt	0.017671365075465132	0.724727589366298	0.19093320235308622	1.9602364390205605E-4	0.0037412462654485743	0.057390402244322604	0.00534017105147743
80	file:/C:/mallet/mydata/liebe_deinen_nachsten/Liebe-Deinen-N├дchsten-Erich-Maria-Remarque_75.txt	3.3123676754014326E-4	0.615256492343915	0.05136768290868964	1.9268359204121138E-4	2.6969398137950196E-4	1.8374167330875357E-4	0.3323984687331258
81	file:/C:/mallet/mydata/liebe_deinen_nachsten/Liebe-Deinen-N├дchsten-Erich-Maria-Remarque_76.txt	0.013986288414665643	0.6726313747018846	0.07364389804297074	1.930124664744079E-4	2.7015429797586126E-4	1.8405528557860932E-4	0.23909121679045023
82	file:/C:/mallet/mydata/liebe_deinen_nachsten/Liebe-Deinen-N├дchsten-Erich-Maria-Remarque_77.txt	3.3992474717684304E-4	0.8342309103690901	0.13664751591246724	1.9773747279367747E-4	0.0020253618155505406	0.02117168967468344	0.005386860008238153
83	file:/C:/mallet/mydata/liebe_deinen_nachsten/Liebe-Deinen-N├дchsten-Erich-Maria-Remarque_78.txt	0.26252027769833447	0.6932931762776455	2.641068749651077E-4	0.0019987567398621923	0.0038756088697597772	0.037903195707822204	1.4487783161071287E-4
84	file:/C:/mallet/mydata/liebe_deinen_nachsten/Liebe-Deinen-N├дchsten-Erich-Maria-Remarque_79.txt	0.009378066794250522	0.677188620711687	0.0038763754768970176	0.0020095825204390324	0.002091181098607585	0.3053105108709101	1.456625272088246E-4
85	file:/C:/mallet/mydata/liebe_deinen_nachsten/Liebe-Deinen-N├дchsten-Erich-Maria-Remarque_8.txt	0.034221445363065754	0.7614472919142785	0.023439755132666107	0.10717483890734411	0.018111066238870998	1.9225903024206917E-4	0.05541334341353254
86	file:/C:/mallet/mydata/liebe_deinen_nachsten/Liebe-Deinen-N├дchsten-Erich-Maria-Remarque_80.txt	3.4721030569236506E-4	0.6199215774645798	2.6269173374054945E-4	0.023420904027470473	0.05386484232082336	0.3020386726025467	1.4410154514689398E-4
87	file:/C:/mallet/mydata/liebe_deinen_nachsten/Liebe-Deinen-N├дchsten-Erich-Maria-Remarque_81.txt	0.3611336373894612	0.5591951491435494	2.6269173374054945E-4	2.0197555178237876E-4	2.8269968462006374E-4	1.9260241860145346E-4	0.07873124407824506
88	file:/C:/mallet/mydata/liebe_deinen_nachsten/Liebe-Deinen-N├дchsten-Erich-Maria-Remarque_82.txt	0.4629397083982475	0.5181155064557935	0.007406977418567655	2.0197555178237876E-4	0.010999128211860724	1.9260241860145346E-4	1.4410154514689398E-4
89	file:/C:/mallet/mydata/liebe_deinen_nachsten/Liebe-Deinen-N├дchsten-Erich-Maria-Remarque_83.txt	3.2244609984817345E-4	0.6039042949257275	0.3867170492734857	1.8756997666599765E-4	0.006897267813615896	1.7886536684308328E-4	0.0017925065438137036
90	file:/C:/mallet/mydata/liebe_deinen_nachsten/Liebe-Deinen-N├дchsten-Erich-Maria-Remarque_84.txt	0.1246997516825186	0.7192201844523592	0.153449117957281	2.0379551853954626E-4	2.8524704257368685E-4	0.0019965033274860658	1.4540001924194878E-4
91	file:/C:/mallet/mydata/liebe_deinen_nachsten/Liebe-Deinen-N├дchsten-Erich-Maria-Remarque_85.txt	0.35473762723555585	0.6423715777438628	2.645819830142614E-4	2.03428906003419E-4	0.002083657349198806	1.9398832662639395E-4	1.4513845573854478E-4
92	file:/C:/mallet/mydata/liebe_deinen_nachsten/Liebe-Deinen-N├дchsten-Erich-Maria-Remarque_86.txt	3.3581432663142935E-4	0.5028376042618761	0.03480306569859778	1.9534640189483978E-4	0.031367517366223674	0.4303212800351391	1.3937190963717646E-4
93	file:/C:/mallet/mydata/liebe_deinen_nachsten/Liebe-Deinen-N├дchsten-Erich-Maria-Remarque_87.txt	0.012536241535828947	0.5490385822923514	0.0682137913159819	1.9704835762039742E-4	2.758032250071956E-4	0.36959794708566834	1.4058618754190383E-4
94	file:/C:/mallet/mydata/liebe_deinen_nachsten/Liebe-Deinen-N├дchsten-Erich-Maria-Remarque_88.txt	3.2733256796660235E-4	0.5928502559948385	0.08780624593649179	0.0018742315831009634	0.010369429777733247	0.2948499186777418	0.011922585462127109
95	file:/C:/mallet/mydata/liebe_deinen_nachsten/Liebe-Deinen-N├дchsten-Erich-Maria-Remarque_89.txt	0.008559072976836552	0.5373094445834344	2.4234776420543704E-4	1.863337026317065E-4	0.049693318932612106	0.40387654033409204	1.32941706187795E-4
96	file:/C:/mallet/mydata/liebe_deinen_nachsten/Liebe-Deinen-N├дchsten-Erich-Maria-Remarque_9.txt	0.18840255610969212	0.7575581115757115	2.51463442057136E-4	0.051485211563286414	2.7061618860546084E-4	0.001894098940159315	1.379421804881722E-4
97	file:/C:/mallet/mydata/liebe_deinen_nachsten/Liebe-Deinen-N├дchsten-Erich-Maria-Remarque_90.txt	3.203208570572625E-4	0.5373094445834344	2.4234776420543704E-4	0.00512958497449928	0.11889883673875813	0.33796652337585775	1.32941706187795E-4
98	file:/C:/mallet/mydata/liebe_deinen_nachsten/Liebe-Deinen-N├дchsten-Erich-Maria-Remarque_91.txt	3.295521930768478E-4	0.5578798919391068	2.493319914128951E-4	0.04257262843286399	0.001963559386694329	0.39686826309979184	1.3677295705328933E-4
99	file:/C:/mallet/mydata/liebe_deinen_nachsten/Liebe-Deinen-N├дchsten-Erich-Maria-Remarque_92.txt	0.14975600679328063	0.5398016026753679	0.012563242053876792	1.987802305818899E-4	2.782272804718068E-4	0.2972603191562132	1.4182181020784952E-4
100	file:/C:/mallet/mydata/liebe_deinen_nachsten/Liebe-Deinen-N├дchsten-Erich-Maria-Remarque_93.txt	0.2509034299770782	0.7460233339611	2.81280023563977E-4	2.1626751308743305E-4	3.027037540130481E-4	2.0623112905487377E-4	0.0020667536421025423
101	file:/C:/mallet/mydata/liebe_deinen_nachsten/Liebe-Deinen-N├дchsten-Erich-Maria-Remarque_94.txt	0.05952137489052432	0.8173349145970321	2.7191941620551143E-4	2.0907043151458248E-4	0.039117671683671106	0.08339588552062416	1.491634604283213E-4
102	file:/C:/mallet/mydata/liebe_deinen_nachsten/Liebe-Deinen-N├дchsten-Erich-Maria-Remarque_95.txt	3.4908075517389313E-4	0.8818409549011514	2.641068749651077E-4	2.030636101145166E-4	2.84222610264426E-4	0.10793522776798155	0.009123343480349091
103	file:/C:/mallet/mydata/liebe_deinen_nachsten/Liebe-Deinen-N├дchsten-Erich-Maria-Remarque_96.txt	0.06621928009407159	0.616817121212428	2.484894942478696E-4	1.9105588896225887E-4	0.001956924485142888	0.31443081802631107	1.3631079883638113E-4
104	file:/C:/mallet/mydata/liebe_deinen_nachsten/Liebe-Deinen-N├дchsten-Erich-Maria-Remarque_97.txt	3.587436580041728E-4	0.7254020195274369	0.0021168173194754786	2.0868461300230085E-4	2.920901750741374E-4	0.27147275651278435	1.4888819422270667E-4
105	file:/C:/mallet/mydata/liebe_deinen_nachsten/Liebe-Deinen-N├дchsten-Erich-Maria-Remarque_98.txt	0.13322752229416046	0.7254020195274369	0.007653016429315323	0.0057448837228421465	0.003982889581634035	0.06294259004215019	0.06104707840246101
106	file:/C:/mallet/mydata/liebe_deinen_nachsten/Liebe-Deinen-N├дchsten-Erich-Maria-Remarque_99.txt	0.43715392037749784	0.499362894449139	2.622233840483286E-4	0.012681824855287035	0.05020303327541869	1.9225903024206917E-4	1.4384462836707345E-4
