0	file:/C:/mallet/mydata/shatten_im_paradies/Schatten-im-Paradies-Erich-Maria-Remarque%20.txt	0.2814438301223603	2.930013314079272E-4	2.79241817447362E-4	2.428742350000353E-4	0.7173202103782975	2.544382281427763E-4	1.6640388734398908E-4
1	file:/C:/mallet/mydata/shatten_im_paradies/Schatten-im-Paradies-Erich-Maria-Remarque%20_1.txt	0.21937828371999474	2.889881981964839E-4	0.0019874969110801597	0.001951627442249716	0.7759785257351628	2.5095327980239165E-4	1.6412471351360234E-4
2	file:/C:/mallet/mydata/shatten_im_paradies/Schatten-im-Paradies-Erich-Maria-Remarque%20_10.txt	0.20123446518747629	2.899811398817312E-4	2.763634558823768E-4	0.1445492077143192	0.649797553642588	2.5181553637245374E-4	0.003600613323479944
3	file:/C:/mallet/mydata/shatten_im_paradies/Schatten-im-Paradies-Erich-Maria-Remarque%20_100.txt	2.44638674394511E-4	3.046349797583775E-4	0.1392581933191785	0.08146750313935808	0.7782874781918395	2.645407244655784E-4	1.7301097100536913E-4
4	file:/C:/mallet/mydata/shatten_im_paradies/Schatten-im-Paradies-Erich-Maria-Remarque%20_101.txt	0.0021142849665953894	0.0058999861028017474	0.24234689618594318	2.605103564891505E-4	0.7489269211535723	2.729140598957845E-4	1.7848717470239994E-4
5	file:/C:/mallet/mydata/shatten_im_paradies/Schatten-im-Paradies-Erich-Maria-Remarque%20_102.txt	0.007490786908428081	0.21404096751232865	0.09085715587806859	2.5343235979143536E-4	0.6869185205575764	2.6549905789457665E-4	1.7363772591213385E-4
6	file:/C:/mallet/mydata/shatten_im_paradies/Schatten-im-Paradies-Erich-Maria-Remarque%20_103.txt	0.0037925905507047437	0.16546135023155759	0.09263410145592076	2.4848149752529814E-4	0.735656987108962	2.603124697709962E-4	0.0019461766855585875
7	file:/C:/mallet/mydata/shatten_im_paradies/Schatten-im-Paradies-Erich-Maria-Remarque%20_104.txt	0.13492934433453088	2.914834124620543E-4	2.77795180863335E-4	0.1815621678602644	0.6825205473056675	2.5312008871591294E-4	1.6554181749586723E-4
8	file:/C:/mallet/mydata/shatten_im_paradies/Schatten-im-Paradies-Erich-Maria-Remarque%20_105.txt	0.007685683680074136	3.1369332604980725E-4	0.30136667361055475	0.005835354203792057	0.6657636062120313	0.018856833500975775	1.7815546652202378E-4
9	file:/C:/mallet/mydata/shatten_im_paradies/Schatten-im-Paradies-Erich-Maria-Remarque%20_106.txt	0.003819724821816367	3.0191057277971224E-4	0.20061507647083301	0.0020388962684960796	0.7927907532763595	2.6217488782906737E-4	1.7146370188622027E-4
10	file:/C:/mallet/mydata/shatten_im_paradies/Schatten-im-Paradies-Erich-Maria-Remarque%20_107.txt	0.0035886484065354675	2.8364632178056186E-4	2.7032612454579597E-4	2.3511969410513055E-4	0.6322414577283265	0.13132004092820113	0.23206076079650534
11	file:/C:/mallet/mydata/shatten_im_paradies/Schatten-im-Paradies-Erich-Maria-Remarque%20_108.txt	0.0020238479649473677	3.00834405683057E-4	0.025238366099274528	0.0020316285764194275	0.60817417380567	0.3620602966323807	1.7085251562486568E-4
12	file:/C:/mallet/mydata/shatten_im_paradies/Schatten-im-Paradies-Erich-Maria-Remarque%20_109.txt	0.05190247650028102	0.013224484188914238	0.27331670263641816	0.003947566238113295	0.6331800509757638	2.703967969888496E-4	0.02415832266352049
13	file:/C:/mallet/mydata/shatten_im_paradies/Schatten-im-Paradies-Erich-Maria-Remarque%20_11.txt	0.0019884093140455973	2.955666357384304E-4	2.8168665358552274E-4	0.07729133352450877	0.8741910986634609	0.04578404441116966	1.6786079749100065E-4
14	file:/C:/mallet/mydata/shatten_im_paradies/Schatten-im-Paradies-Erich-Maria-Remarque%20_110.txt	2.3488848136561563E-4	2.924936048782638E-4	0.0730583393215919	0.2636352241069243	0.6588932472730368	0.003719691677365285	1.661155348377473E-4
15	file:/C:/mallet/mydata/shatten_im_paradies/Schatten-im-Paradies-Erich-Maria-Remarque%20_111.txt	0.0122375835401582	2.89483817583663E-4	0.003705921512082416	0.32609300077802683	0.6572582204934281	2.513836686955107E-4	1.6440619002523914E-4
16	file:/C:/mallet/mydata/shatten_im_paradies/Schatten-im-Paradies-Erich-Maria-Remarque%20_112.txt	0.05436706080117355	2.8556581798117704E-4	0.13392469052503952	0.04591542530912393	0.6923495128020891	0.06284473825283118	0.010313006491761381
17	file:/C:/mallet/mydata/shatten_im_paradies/Schatten-im-Paradies-Erich-Maria-Remarque%20_113.txt	0.040287360257013835	0.0019509648541411913	0.23729668145614566	2.3354983527317918E-4	0.718157546007901	0.0019138822611061695	1.6001532841884058E-4
18	file:/C:/mallet/mydata/shatten_im_paradies/Schatten-im-Paradies-Erich-Maria-Remarque%20_114.txt	0.24629918745828416	2.924936048782638E-4	0.04359993733139743	2.4245337106781813E-4	0.7091458153739567	2.539973255776997E-4	1.661155348377473E-4
19	file:/C:/mallet/mydata/shatten_im_paradies/Schatten-im-Paradies-Erich-Maria-Remarque%20_115.txt	0.17298579065004183	2.9453514243736004E-4	0.01598518202722484	0.12762491510617638	0.6826865319233247	2.55770168031102E-4	1.672749827636661E-4
20	file:/C:/mallet/mydata/shatten_im_paradies/Schatten-im-Paradies-Erich-Maria-Remarque%20_116.txt	0.1539266375143529	0.00736425471631852	0.03561456197648661	2.471646553936951E-4	0.7670887174662365	2.5893292871465983E-4	0.03549973074249699
21	file:/C:/mallet/mydata/shatten_im_paradies/Schatten-im-Paradies-Erich-Maria-Remarque%20_117.txt	2.4776884781176805E-4	3.0853281119474547E-4	2.9404392985578624E-4	0.10444432395090804	0.7736227771755424	2.6792554636895715E-4	0.12081462773831822
22	file:/C:/mallet/mydata/shatten_im_paradies/Schatten-im-Paradies-Erich-Maria-Remarque%20_118.txt	2.2893776887193817E-4	0.001974030386077415	2.716958239345013E-4	0.20797677645990373	0.7891390899253292	2.4756250574367296E-4	1.6190713013945884E-4
23	file:/C:/mallet/mydata/shatten_im_paradies/Schatten-im-Paradies-Erich-Maria-Remarque%20_119.txt	2.4201794322600741E-4	3.0137152851361735E-4	2.8721894519949316E-4	0.2894916574848589	0.6717505564999747	2.617067893829044E-4	0.03766547080884426
24	file:/C:/mallet/mydata/shatten_im_paradies/Schatten-im-Paradies-Erich-Maria-Remarque%20_12.txt	0.012451122280947155	2.9453514243736004E-4	2.807035998134064E-4	0.019438508161786498	0.8100673013901064	0.15730055444214547	1.672749827636661E-4
25	file:/C:/mallet/mydata/shatten_im_paradies/Schatten-im-Paradies-Erich-Maria-Remarque%20_120.txt	0.10784117088275773	3.1311142641648755E-4	0.1338580663432809	2.5954386553554346E-4	0.7257434614998368	2.7190155132009397E-4	0.0317127444308523
26	file:/C:/mallet/mydata/shatten_im_paradies/Schatten-im-Paradies-Erich-Maria-Remarque%20_121.txt	2.500541801626507E-4	0.0021561079774603024	0.1718565873647571	2.581075009619823E-4	0.8213424465704807	2.703967969888496E-4	0.003866299609188274
27	file:/C:/mallet/mydata/shatten_im_paradies/Schatten-im-Paradies-Erich-Maria-Remarque%20_122.txt	2.455249100399743E-4	0.003928369559073543	0.003914011897411289	2.5343235979143536E-4	0.8300124450257416	0.0038881300570886303	0.15775808619085346
28	file:/C:/mallet/mydata/shatten_im_paradies/Schatten-im-Paradies-Erich-Maria-Remarque%20_123.txt	2.2364951869657788E-4	2.784983476947402E-4	0.0019153536692453031	2.3085244295686455E-4	0.638916007334927	0.006841579109057145	0.3515940595774223
29	file:/C:/mallet/mydata/shatten_im_paradies/Schatten-im-Paradies-Erich-Maria-Remarque%20_124.txt	2.2740149271127894E-4	2.83170472945792E-4	2.6987262185073014E-4	0.018688471277088316	0.42483436826440285	2.459012491597503E-4	0.5554508146218412
30	file:/C:/mallet/mydata/shatten_im_paradies/Schatten-im-Paradies-Erich-Maria-Remarque%20_125.txt	0.009894693866819914	2.722105367076233E-4	2.594273706310607E-4	2.256403598718403E-4	0.3874265495509158	2.3638379494342454E-4	0.6016850945201102
31	file:/C:/mallet/mydata/shatten_im_paradies/Schatten-im-Paradies-Erich-Maria-Remarque%20_126.txt	2.2109596283293885E-4	0.0019064139177288957	2.623894261155715E-4	0.006752598132880701	0.4358896321466375	2.3908274654039152E-4	0.5547287876672639
32	file:/C:/mallet/mydata/shatten_im_paradies/Schatten-im-Paradies-Erich-Maria-Remarque%20_127.txt	4.8744317624231333E-4	6.069859661210953E-4	0.004174505188320736	5.031419190794499E-4	0.47912472061257816	5.270980612452069E-4	0.5145761050764129
33	file:/C:/mallet/mydata/shatten_im_paradies/Schatten-im-Paradies-Erich-Maria-Remarque%20_13.txt	0.3029005832783533	3.040861718904143E-4	2.8980610733495417E-4	2.5206266475680413E-4	0.6958166983429943	2.640641474451111E-4	1.7269928722497398E-4
34	file:/C:/mallet/mydata/shatten_im_paradies/Schatten-im-Paradies-Erich-Maria-Remarque%20_14.txt	0.003746021816431277	0.1336095535354205	2.821807670697656E-4	2.4543042499969206E-4	0.5810316085278384	0.010781863634590966	0.27030334129364936
35	file:/C:/mallet/mydata/shatten_im_paradies/Schatten-im-Paradies-Erich-Maria-Remarque%20_15.txt	2.3819046273096107E-4	0.3693100637505694	2.826766170733003E-4	0.00727468947554866	0.6207111540871499	2.5756793249307104E-4	0.0019256576744345975
36	file:/C:/mallet/mydata/shatten_im_paradies/Schatten-im-Paradies-Erich-Maria-Remarque%20_16.txt	0.2489245485248463	0.04258067184486656	2.721554800817162E-4	2.367108000877202E-4	0.5959166710607905	0.11190706124401824	1.6218104530888914E-4
37	file:/C:/mallet/mydata/shatten_im_paradies/Schatten-im-Paradies-Erich-Maria-Remarque%20_17.txt	2.3987651343198194E-4	2.9870492470057946E-4	2.8467756666176883E-4	0.002017247527127143	0.71712647368662	0.27986337665936023	1.6964312209819934E-4
38	file:/C:/mallet/mydata/shatten_im_paradies/Schatten-im-Paradies-Erich-Maria-Remarque%20_18.txt	2.285517570963364E-4	2.8460283341997307E-4	2.712377178389571E-4	2.3591256433399375E-4	0.6006515184524397	0.38636384854418043	0.011964328130690555
39	file:/C:/mallet/mydata/shatten_im_paradies/Schatten-im-Paradies-Erich-Maria-Remarque%20_19.txt	0.010781432130483564	0.140873160949263	2.826766170733003E-4	0.002003068641672358	0.7331723985431777	0.11271881238852086	1.6845072980916376E-4
40	file:/C:/mallet/mydata/shatten_im_paradies/Schatten-im-Paradies-Erich-Maria-Remarque%20_2.txt	0.05578998580152026	3.024515488100682E-4	0.14184376253280143	0.03608754675505282	0.7279131567476307	0.036099483723460585	0.001963612890724098
41	file:/C:/mallet/mydata/shatten_im_paradies/Schatten-im-Paradies-Erich-Maria-Remarque%20_20.txt	2.455249100399743E-4	0.3987951484712254	2.913808982172352E-4	2.5343235979143536E-4	0.5981640610773221	2.6549905789457665E-4	0.0019849532255091606
42	file:/C:/mallet/mydata/shatten_im_paradies/Schatten-im-Paradies-Erich-Maria-Remarque%20_21.txt	0.0019677356572594083	0.36592324771846857	0.014141535341202948	0.0019753005469616107	0.5999764432926478	0.015849621908621835	1.661155348377473E-4
43	file:/C:/mallet/mydata/shatten_im_paradies/Schatten-im-Paradies-Erich-Maria-Remarque%20_22.txt	0.00360075004053184	2.8460283341997307E-4	0.1992309364405337	2.3591256433399375E-4	0.48262457853219703	0.12501848157792886	0.18900473801105452
44	file:/C:/mallet/mydata/shatten_im_paradies/Schatten-im-Paradies-Erich-Maria-Remarque%20_23.txt	0.0019408303580211216	2.884942729885854E-4	2.749464131285119E-4	0.25319386520909937	0.665266431401118	2.5052436211069084E-4	0.07878490798353367
45	file:/C:/mallet/mydata/shatten_im_paradies/Schatten-im-Paradies-Erich-Maria-Remarque%20_24.txt	2.2588569733353371E-4	0.010279867552723154	2.680737256873672E-4	0.3651814991149196	0.6236406630958558	2.442621395285247E-4	1.5974867395200553E-4
46	file:/C:/mallet/mydata/shatten_im_paradies/Schatten-im-Paradies-Erich-Maria-Remarque%20_25.txt	2.3128150188914982E-4	0.0071129513889144815	2.744772892922336E-4	0.33977996066653576	0.6521876676031938	2.5009690808975183E-4	1.6356464208473382E-4
47	file:/C:/mallet/mydata/shatten_im_paradies/Schatten-im-Paradies-Erich-Maria-Remarque%20_26.txt	2.4375881357123448E-4	0.007496685110522446	2.892849529409864E-4	2.5160938388394316E-4	0.6657928375167441	0.32575343549789915	1.723887244380125E-4
48	file:/C:/mallet/mydata/shatten_im_paradies/Schatten-im-Paradies-Erich-Maria-Remarque%20_27.txt	2.3735629447296417E-4	0.34350195847197457	0.014290110810166588	2.4500066331290134E-4	0.6413010470603007	2.566659022811969E-4	1.6786079749100065E-4
49	file:/C:/mallet/mydata/shatten_im_paradies/Schatten-im-Paradies-Erich-Maria-Remarque%20_28.txt	0.0675817107878619	0.07627342895229372	2.77795180863335E-4	0.001968478402480518	0.6911548592988301	0.1591244607629094	0.0036192666147609426
50	file:/C:/mallet/mydata/shatten_im_paradies/Schatten-im-Paradies-Erich-Maria-Remarque%20_29.txt	0.03278952055952364	0.2982792496445914	0.10122519451877489	2.278450095577344E-4	0.5670833901528947	2.3869341481625437E-4	1.5610669984129785E-4
51	file:/C:/mallet/mydata/shatten_im_paradies/Schatten-im-Paradies-Erich-Maria-Remarque%20_3.txt	0.005207821058694039	0.03183735804735343	0.40718651592352884	0.008536862307042944	0.5385242977119747	0.006887031693637596	0.0018201132577682748
52	file:/C:/mallet/mydata/shatten_im_paradies/Schatten-im-Paradies-Erich-Maria-Remarque%20_30.txt	0.37762006113535806	0.010078329492295238	0.010065379249195943	0.011664910829731978	0.5901752291613402	2.3947335041387208E-4	1.5661678166457136E-4
53	file:/C:/mallet/mydata/shatten_im_paradies/Schatten-im-Paradies-Erich-Maria-Remarque%20_31.txt	0.3347175694835332	0.0020905475709511547	2.8773267563145276E-4	2.502592703246373E-4	0.6622202524098442	2.6217488782906737E-4	1.7146370188622027E-4
54	file:/C:/mallet/mydata/shatten_im_paradies/Schatten-im-Paradies-Erich-Maria-Remarque%20_32.txt	0.3528204152890673	2.875114704816518E-4	2.740097636023503E-4	0.0036449856912429673	0.6153068240081477	0.007062995117721909	0.020603258659735932
55	file:/C:/mallet/mydata/shatten_im_paradies/Schatten-im-Paradies-Erich-Maria-Remarque%20_33.txt	0.06017899399756364	2.735339065773159E-4	2.606885942773572E-4	0.001847259790516092	0.7409634246996065	0.19632075123485968	1.55347776599289E-4
56	file:/C:/mallet/mydata/shatten_im_paradies/Schatten-im-Paradies-Erich-Maria-Remarque%20_34.txt	0.029693290471560094	2.924936048782638E-4	0.0020116051099463997	2.4245337106781813E-4	0.8044524100481154	0.16314163185959424	1.661155348377473E-4
57	file:/C:/mallet/mydata/shatten_im_paradies/Schatten-im-Paradies-Erich-Maria-Remarque%20_35.txt	2.4375881357123448E-4	0.007496685110522446	0.030860154486799102	2.5160938388394316E-4	0.7305311494707967	0.005658448613973007	0.22495819412045356
58	file:/C:/mallet/mydata/shatten_im_paradies/Schatten-im-Paradies-Erich-Maria-Remarque%20_36.txt	2.4072852171168823E-4	0.02516280008633189	2.856887021013009E-4	0.04287082584544197	0.7161217459495002	0.06241789797714947	0.15290031291776346
59	file:/C:/mallet/mydata/shatten_im_paradies/Schatten-im-Paradies-Erich-Maria-Remarque%20_37.txt	2.2181958061548123E-4	0.4273854233042652	2.632481919304488E-4	2.2896356933467678E-4	0.5715038070465231	2.3986523268206033E-4	1.5687307464885952E-4
60	file:/C:/mallet/mydata/shatten_im_paradies/Schatten-im-Paradies-Erich-Maria-Remarque%20_38.txt	2.251353523766235E-4	0.31751133854288527	2.671832409398861E-4	0.0367720813095083	0.6398389070737622	0.0052261364581984585	1.5921802232913632E-4
61	file:/C:/mallet/mydata/shatten_im_paradies/Schatten-im-Paradies-Erich-Maria-Remarque%20_39.txt	0.005405330175658006	2.909809284380155E-4	2.773162937830729E-4	0.2984733884956913	0.6951350439254012	2.526837386688598E-4	1.6525644235942493E-4
62	file:/C:/mallet/mydata/shatten_im_paradies/Schatten-im-Paradies-Erich-Maria-Remarque%20_4.txt	2.3611593988445248E-4	2.940220909280088E-4	0.12395529416681404	2.4372036148815582E-4	0.6240145750858355	0.25108928874900155	1.6698360604823102E-4
63	file:/C:/mallet/mydata/shatten_im_paradies/Schatten-im-Paradies-Erich-Maria-Remarque%20_40.txt	2.5098016111091295E-4	0.00586721355693197	0.0243681431373107	2.590633043336313E-4	0.6540403997287496	2.713981091137657E-4	0.31494280200244934
64	file:/C:/mallet/mydata/shatten_im_paradies/Schatten-im-Paradies-Erich-Maria-Remarque%20_41.txt	2.3570536411471403E-4	0.10114817847756154	2.797273836662192E-4	0.2471633449565713	0.6507514699113633	2.5488066405549665E-4	1.6669324266734066E-4
65	file:/C:/mallet/mydata/shatten_im_paradies/Schatten-im-Paradies-Erich-Maria-Remarque%20_42.txt	0.03164548480333891	0.12593036256172885	2.807035998134064E-4	0.017693566114296337	0.6774517057808542	0.1468309021572045	1.672749827636661E-4
66	file:/C:/mallet/mydata/shatten_im_paradies/Schatten-im-Paradies-Erich-Maria-Remarque%20_43.txt	2.3903051489245392E-4	0.0020610557267262295	0.03907856765978844	2.4672880418322363E-4	0.7886602855433549	0.14838443560245948	0.021329896148595272
67	file:/C:/mallet/mydata/shatten_im_paradies/Schatten-im-Paradies-Erich-Maria-Remarque%20_44.txt	0.0446058447377763	0.005856370132588449	0.2368590561219463	0.020588110046540518	0.6916425547348853	2.708965277694711E-4	1.7716769849353584E-4
68	file:/C:/mallet/mydata/shatten_im_paradies/Schatten-im-Paradies-Erich-Maria-Remarque%20_45.txt	0.05874675743080376	0.3012428220242963	0.005284980140596933	2.3394033137427706E-4	0.6324141349197385	2.450789537473843E-4	0.001832286199442736
69	file:/C:/mallet/mydata/shatten_im_paradies/Schatten-im-Paradies-Erich-Maria-Remarque%20_46.txt	0.03215599904495208	0.25066807250554973	0.1010962695542515	0.0019155520846002255	0.6120762690423853	0.0019267468600787966	1.6109090818224348E-4
70	file:/C:/mallet/mydata/shatten_im_paradies/Schatten-im-Paradies-Erich-Maria-Remarque%20_47.txt	2.2893776887193817E-4	0.16411293025088272	0.06782957076760338	2.3631100812196665E-4	0.6878022775098259	0.0796280655645546	1.6190713013945884E-4
71	file:/C:/mallet/mydata/shatten_im_paradies/Schatten-im-Paradies-Erich-Maria-Remarque%20_48.txt	0.019229563626150848	0.273135742396403	2.77795180863335E-4	0.029598276780601118	0.6065386017658357	0.026156056068203978	0.04506396418194185
72	file:/C:/mallet/mydata/shatten_im_paradies/Schatten-im-Paradies-Erich-Maria-Remarque%20_49.txt	0.007203726053986476	0.2389346684989223	2.8021464150312524E-4	0.04030747851757479	0.6605945281848711	0.00722293475543071	0.04545644934771138
73	file:/C:/mallet/mydata/shatten_im_paradies/Schatten-im-Paradies-Erich-Maria-Remarque%20_5.txt	2.464175900404013E-4	0.16391794776250063	0.16208563681480204	2.5435378971481873E-4	0.6730549106446644	2.664643599450942E-4	1.7426903833259725E-4
74	file:/C:/mallet/mydata/shatten_im_paradies/Schatten-im-Paradies-Erich-Maria-Remarque%20_50.txt	0.003700582833153201	0.008956729484347227	2.787579340526069E-4	2.4245337106781813E-4	0.6329005396346299	0.3398920438007611	0.01402889294198809
75	file:/C:/mallet/mydata/shatten_im_paradies/Schatten-im-Paradies-Erich-Maria-Remarque%20_51.txt	2.3903051489245392E-4	0.04438275837734874	0.06376622753931824	2.4672880418322363E-4	0.6458245390975039	0.24184486228925084	0.0036958533775025616
76	file:/C:/mallet/mydata/shatten_im_paradies/Schatten-im-Paradies-Erich-Maria-Remarque%20_52.txt	0.01065042709924937	2.930013314079272E-4	0.12526081244349857	2.428742350000353E-4	0.5975462051949985	0.2658402758085016	1.6640388734398908E-4
77	file:/C:/mallet/mydata/shatten_im_paradies/Schatten-im-Paradies-Erich-Maria-Remarque%20_53.txt	0.2054227878323522	0.0333321088482288	2.797273836662192E-4	0.015893158784744305	0.6246683662077738	0.11849828412032797	0.0019055668229066413
78	file:/C:/mallet/mydata/shatten_im_paradies/Schatten-im-Paradies-Erich-Maria-Remarque%20_54.txt	2.3987651343198194E-4	0.017995159703887872	0.1418563158001601	0.002017247527127143	0.671115691260733	0.1666060660725616	1.6964312209819934E-4
79	file:/C:/mallet/mydata/shatten_im_paradies/Schatten-im-Paradies-Erich-Maria-Remarque%20_55.txt	2.528528506396691E-4	3.148636380862924E-4	0.4088174329550369	2.6099630626957377E-4	0.5899016109823162	2.7342314724750473E-4	1.7882012040376828E-4
80	file:/C:/mallet/mydata/shatten_im_paradies/Schatten-im-Paradies-Erich-Maria-Remarque%20_56.txt	2.433212522619571E-4	0.030818987504286934	0.14568849720011856	2.511577303423716E-4	0.6053607728212059	0.21746518421517647	1.7207927660773864E-4
81	file:/C:/mallet/mydata/shatten_im_paradies/Schatten-im-Paradies-Erich-Maria-Remarque%20_57.txt	0.0020420452567393587	0.189123615870503	2.892849529409864E-4	2.5160938388394316E-4	0.5327196407223029	0.2754014150891917	1.723887244380125E-4
82	file:/C:/mallet/mydata/shatten_im_paradies/Schatten-im-Paradies-Erich-Maria-Remarque%20_58.txt	0.0037199209969354637	0.014229242319132055	2.8021464150312524E-4	2.4372036148815582E-4	0.6640783332419221	0.31728158483297075	1.6698360604823102E-4
83	file:/C:/mallet/mydata/shatten_im_paradies/Schatten-im-Paradies-Erich-Maria-Remarque%20_59.txt	2.2702063987217367E-4	2.8269621801770706E-4	2.6942063821155883E-4	2.3433213548392838E-4	0.6954410376668853	0.3017101377825597	0.0018353549189695565
84	file:/C:/mallet/mydata/shatten_im_paradies/Schatten-im-Paradies-Erich-Maria-Remarque%20_6.txt	2.5913689140988995E-4	0.30811209202399426	3.0753515057980216E-4	2.674827327635835E-4	0.6676494454458343	2.802184125588457E-4	0.023124089342859293
85	file:/C:/mallet/mydata/shatten_im_paradies/Schatten-im-Paradies-Erich-Maria-Remarque%20_60.txt	0.12049023497691845	2.899811398817312E-4	0.12225168994417189	0.055215165779233924	0.6601053277120208	0.03976494946919863	0.0018826509785744578
86	file:/C:/mallet/mydata/shatten_im_paradies/Schatten-im-Paradies-Erich-Maria-Remarque%20_61.txt	0.32441637589414934	2.8800203328795154E-4	0.012218138661638662	0.0036512049019291467	0.6573063796199137	0.0019563342469963844	1.6356464208473382E-4
87	file:/C:/mallet/mydata/shatten_im_paradies/Schatten-im-Paradies-Erich-Maria-Remarque%20_62.txt	0.1931914769665606	2.960850964406032E-4	0.010806928275410283	2.4543042499969206E-4	0.7687229390932443	0.023060735727654904	0.0036764044156895304
88	file:/C:/mallet/mydata/shatten_im_paradies/Schatten-im-Paradies-Erich-Maria-Remarque%20_63.txt	2.3448215961752492E-4	2.9198763492968E-4	0.22861842436102198	2.420339631982197E-4	0.5556923340036589	0.21475490969762914	1.6582817994444696E-4
89	file:/C:/mallet/mydata/shatten_im_paradies/Schatten-im-Paradies-Erich-Maria-Remarque%20_64.txt	2.4822256633043874E-4	3.09097801714308E-4	0.1907411472346907	0.09914193326027701	0.6395293925770013	0.0698546610239725	1.755455360137343E-4
90	file:/C:/mallet/mydata/shatten_im_paradies/Schatten-im-Paradies-Erich-Maria-Remarque%20_65.txt	0.03849092412937933	2.9351082368208735E-4	2.797273836662192E-4	0.3219349089068612	0.6385793548496882	2.5488066405549665E-4	1.6669324266734066E-4
91	file:/C:/mallet/mydata/shatten_im_paradies/Schatten-im-Paradies-Erich-Maria-Remarque%20_66.txt	2.4245082547348282E-4	3.0191057277971224E-4	0.0736218496006606	0.16659350010026877	0.7283998213421875	0.030669003856743586	1.7146370188622027E-4
92	file:/C:/mallet/mydata/shatten_im_paradies/Schatten-im-Paradies-Erich-Maria-Remarque%20_67.txt	2.4072852171168823E-4	2.9976588338049664E-4	0.26845127189107704	2.4848149752529814E-4	0.6273251952246738	0.10326431131056961	1.7024567106205978E-4
93	file:/C:/mallet/mydata/shatten_im_paradies/Schatten-im-Paradies-Erich-Maria-Remarque%20_68.txt	2.3819046273096107E-4	0.05828443455186759	0.14085923218710802	2.4586169704692387E-4	0.7103287082630471	0.08636070821913934	0.0036828646190600316
94	file:/C:/mallet/mydata/shatten_im_paradies/Schatten-im-Paradies-Erich-Maria-Remarque%20_69.txt	2.3777264698443806E-4	2.960850964406032E-4	2.821807670697656E-4	2.4543042499969206E-4	0.666983713179286	0.33178666263897677	1.6815524624269092E-4
95	file:/C:/mallet/mydata/shatten_im_paradies/Schatten-im-Paradies-Erich-Maria-Remarque%20_7.txt	0.10139450026016145	0.1992443015561147	2.712377178389571E-4	2.3591256433399375E-4	0.6900147729634806	0.008677640799403976	1.616341386662927E-4
96	file:/C:/mallet/mydata/shatten_im_paradies/Schatten-im-Paradies-Erich-Maria-Remarque%20_70.txt	2.3945276692581655E-4	2.9817725666670097E-4	0.2087334597379562	2.471646553936951E-4	0.6593310362065463	0.13098136593227333	1.6934344423788858E-4
97	file:/C:/mallet/mydata/shatten_im_paradies/Schatten-im-Paradies-Erich-Maria-Remarque%20_71.txt	2.3694139752336913E-4	0.005539026565263732	0.38658746882452333	2.44572404066257E-4	0.6052202139856421	0.002004209444853563	1.6756737812754854E-4
98	file:/C:/mallet/mydata/shatten_im_paradies/Schatten-im-Paradies-Erich-Maria-Remarque%20_72.txt	2.4158660399713905E-4	3.00834405683057E-4	0.0234561047383243	0.29075796905035645	0.6848114123265299	2.6124035948428895E-4	1.7085251562486568E-4
99	file:/C:/mallet/mydata/shatten_im_paradies/Schatten-im-Paradies-Erich-Maria-Remarque%20_73.txt	2.4245082547348282E-4	3.0191057277971224E-4	2.8773267563145276E-4	0.3794413028826704	0.6192929644537295	2.6217488782906737E-4	1.7146370188622027E-4
100	file:/C:/mallet/mydata/shatten_im_paradies/Schatten-im-Paradies-Erich-Maria-Remarque%20_74.txt	2.537997144586343E-4	3.160427151109629E-4	0.2942619360372945	2.61973665071996E-4	0.7044523110747654	2.7444704112388905E-4	1.794897521745195E-4
101	file:/C:/mallet/mydata/shatten_im_paradies/Schatten-im-Paradies-Erich-Maria-Remarque%20_75.txt	2.2893776887193817E-4	0.03744191473150357	0.1404542863320474	2.3631100812196665E-4	0.6303780838077073	0.19109855922160826	1.6190713013945884E-4
102	file:/C:/mallet/mydata/shatten_im_paradies/Schatten-im-Paradies-Erich-Maria-Remarque%20_76.txt	0.15352353845012898	0.15880715218674904	2.8021464150312524E-4	0.0716617240310339	0.6153050624432079	2.5532464132868723E-4	1.6698360604823102E-4
103	file:/C:/mallet/mydata/shatten_im_paradies/Schatten-im-Paradies-Erich-Maria-Remarque%20_77.txt	2.3611593988445248E-4	0.014229242319132055	0.05602109555431931	0.2597871971117885	0.6309821851999375	0.038577180268889816	1.6698360604823102E-4
104	file:/C:/mallet/mydata/shatten_im_paradies/Schatten-im-Paradies-Erich-Maria-Remarque%20_78.txt	2.455249100399743E-4	3.05738559879489E-4	0.2611208128401891	2.5343235979143536E-4	0.7376353545462931	2.6549905789457665E-4	1.7363772591213385E-4
105	file:/C:/mallet/mydata/shatten_im_paradies/Schatten-im-Paradies-Erich-Maria-Remarque%20_79.txt	0.23965462988101707	2.8460283341997307E-4	2.712377178389571E-4	0.04576058939071329	0.5652434364763669	0.042399623633759015	0.10638588006688467
106	file:/C:/mallet/mydata/shatten_im_paradies/Schatten-im-Paradies-Erich-Maria-Remarque%20_8.txt	2.3945276692581655E-4	0.01972989027070921	0.24229732767130235	0.021445397034349153	0.6769962298556759	0.0073250103883664795	0.03196669201267108
107	file:/C:/mallet/mydata/shatten_im_paradies/Schatten-im-Paradies-Erich-Maria-Remarque%20_80.txt	2.4375881357123448E-4	3.035393378499489E-4	2.892849529409864E-4	0.35811061157434065	0.6118442442217005	0.005658448613973007	0.02355011248562363
108	file:/C:/mallet/mydata/shatten_im_paradies/Schatten-im-Paradies-Erich-Maria-Remarque%20_81.txt	2.5913689140988995E-4	3.226888057036983E-4	0.023248360235172887	0.199087966799237	0.7479423332419101	2.802184125588457E-4	0.028859295614007564
109	file:/C:/mallet/mydata/shatten_im_paradies/Schatten-im-Paradies-Erich-Maria-Remarque%20_82.txt	2.500541801626507E-4	0.0021561079774603024	0.29360872569075036	2.581075009619823E-4	0.7032797669816387	2.703967969888496E-4	1.7684087203696187E-4
110	file:/C:/mallet/mydata/shatten_im_paradies/Schatten-im-Paradies-Erich-Maria-Remarque%20_83.txt	2.4597044011058933E-4	0.07470498834664709	2.9190963867024036E-4	2.538922387386901E-4	0.5883618770670435	0.03474342485418556	0.30139793741460424
111	file:/C:/mallet/mydata/shatten_im_paradies/Schatten-im-Paradies-Erich-Maria-Remarque%20_84.txt	0.010706180233456996	0.21666734903121712	2.807035998134064E-4	2.44145639394746E-4	0.6495326330210117	2.55770168031102E-4	0.12231321830707483
112	file:/C:/mallet/mydata/shatten_im_paradies/Schatten-im-Paradies-Erich-Maria-Remarque%20_85.txt	2.2816704483786702E-4	0.3419861061221117	2.707811539676588E-4	0.0019187764587115638	0.6232061191339033	0.03222868802024288	1.6136206622492508E-4
113	file:/C:/mallet/mydata/shatten_im_paradies/Schatten-im-Paradies-Erich-Maria-Remarque%20_86.txt	2.2740149271127894E-4	0.31567446613710937	0.0019474858966601108	0.0035899518038038924	0.6781539727606193	2.459012491597503E-4	1.6082065993622586E-4
114	file:/C:/mallet/mydata/shatten_im_paradies/Schatten-im-Paradies-Erich-Maria-Remarque%20_87.txt	2.2971371740159127E-4	0.2934641834742335	2.7261669416108586E-4	0.030741195223900716	0.669797419542076	0.005332415459356383	1.6245588887066822E-4
115	file:/C:/mallet/mydata/shatten_im_paradies/Schatten-im-Paradies-Erich-Maria-Remarque%20_88.txt	0.18057181022020252	0.0627918936046936	0.00207266243309035	2.498124465401519E-4	0.7538809569429541	2.617067893829044E-4	1.7115756313627786E-4
116	file:/C:/mallet/mydata/shatten_im_paradies/Schatten-im-Paradies-Erich-Maria-Remarque%20_89.txt	2.2291393224871414E-4	0.3587801326226826	2.6454693250143604E-4	0.0018746002772731343	0.63845911061106	2.41048612924747E-4	1.5764701130934684E-4
117	file:/C:/mallet/mydata/shatten_im_paradies/Schatten-im-Paradies-Erich-Maria-Remarque%20_9.txt	0.06631290141320814	2.9351082368208735E-4	0.012451842445341324	0.15848079236436696	0.7550838847257213	0.007210374985012699	1.6669324266734066E-4
118	file:/C:/mallet/mydata/shatten_im_paradies/Schatten-im-Paradies-Erich-Maria-Remarque%20_90.txt	0.15352353845012898	0.2319670583848203	2.8021464150312524E-4	0.0019856228900136615	0.611821257386157	2.5532464132868723E-4	1.6698360604823102E-4
119	file:/C:/mallet/mydata/shatten_im_paradies/Schatten-im-Paradies-Erich-Maria-Remarque%20_91.txt	2.3694139752336913E-4	0.2764778164129398	2.811942675143053E-4	0.057928314758732766	0.6244481281038643	0.0404600376812979	1.6756737812754854E-4
120	file:/C:/mallet/mydata/shatten_im_paradies/Schatten-im-Paradies-Erich-Maria-Remarque%20_92.txt	2.486779496117527E-4	0.06635441804649293	0.036986652367133346	0.040617369446748305	0.8535135295188536	2.6890860617900613E-4	0.002010444064980971
121	file:/C:/mallet/mydata/shatten_im_paradies/Schatten-im-Paradies-Erich-Maria-Remarque%20_93.txt	2.468663686797308E-4	0.25345585857919073	0.027611150908982092	2.5481702185517767E-4	0.7107049235843284	2.6694964799967805E-4	0.007459433888964141
122	file:/C:/mallet/mydata/shatten_im_paradies/Schatten-im-Paradies-Erich-Maria-Remarque%20_94.txt	2.3987651343198194E-4	0.3542278005084464	2.8467756666176883E-4	2.476020492084139E-4	0.6410317181361146	0.003798682104038502	1.6964312209819934E-4
123	file:/C:/mallet/mydata/shatten_im_paradies/Schatten-im-Paradies-Erich-Maria-Remarque%20_95.txt	0.001984933590089021	0.23452600379136412	2.811942675143053E-4	2.44572404066257E-4	0.6751399016882682	2.562172522879115E-4	0.08756717700641015
124	file:/C:/mallet/mydata/shatten_im_paradies/Schatten-im-Paradies-Erich-Maria-Remarque%20_96.txt	0.22951044330468406	0.14337347623389313	2.773162937830729E-4	2.4119948552585657E-4	0.6261796245010854	2.526837386688598E-4	1.6525644235942493E-4
125	file:/C:/mallet/mydata/shatten_im_paradies/Schatten-im-Paradies-Erich-Maria-Remarque%20_97.txt	0.1823572537080934	3.0137152851361735E-4	0.005643549408872063	0.018104247325448717	0.7931607136765529	2.617067893829044E-4	1.7115756313627786E-4
126	file:/C:/mallet/mydata/shatten_im_paradies/Schatten-im-Paradies-Erich-Maria-Remarque%20_98.txt	0.02102905459209113	0.1371874205004879	0.09038681108052983	0.09035050651754505	0.6467633170417803	2.539973255776997E-4	0.01402889294198809
127	file:/C:/mallet/mydata/shatten_im_paradies/Schatten-im-Paradies-Erich-Maria-Remarque%20_99.txt	2.3207344664923318E-4	2.889881981964839E-4	0.0019874969110801597	0.29129310819377624	0.7023590957214608	2.5095327980239165E-4	0.0035882842490346264
