0	file:/C:/mallet/mydata/zeit_zu_leben_und_zeit_zu_sterben/Zeit-zu-Leben-und-Zeit-zu-Sterben-Erich-Maria-Remarque.txt	0.3036192920655321	0.5145900102698208	0.13565121037921457	0.0038808604660265926	0.012900842288121396	1.8739317774833545E-4	0.02917039135353616
1	file:/C:/mallet/mydata/zeit_zu_leben_und_zeit_zu_sterben/Zeit-zu-Leben-und-Zeit-zu-Sterben-Erich-Maria-Remarque_1.txt	0.45934227781109443	0.5292596771614841	1.8249277957968903E-4	0.0036813897665480748	2.447564337862242E-4	0.007030904828851696	2.585012186557991E-4
2	file:/C:/mallet/mydata/zeit_zu_leben_und_zeit_zu_sterben/Zeit-zu-Leben-und-Zeit-zu-Sterben-Erich-Maria-Remarque_10.txt	0.10362685267682882	0.6714136053986629	0.16128666738635591	2.5222526593129615E-4	0.034159325269782714	0.029005453064128224	2.558709383101006E-4
3	file:/C:/mallet/mydata/zeit_zu_leben_und_zeit_zu_sterben/Zeit-zu-Leben-und-Zeit-zu-Sterben-Erich-Maria-Remarque_100.txt	0.04894454410761244	0.7380769330415818	0.20701521353612204	0.005294887402706699	2.4022904257705617E-4	1.7447328662104859E-4	2.537195827788698E-4
4	file:/C:/mallet/mydata/zeit_zu_leben_und_zeit_zu_sterben/Zeit-zu-Leben-und-Zeit-zu-Sterben-Erich-Maria-Remarque_101.txt	0.3479104198942791	0.6434841323231372	1.970065030924711E-4	2.7508385248121466E-4	0.002113766165454197	0.00574053133792592	2.790599236299276E-4
5	file:/C:/mallet/mydata/zeit_zu_leben_und_zeit_zu_sterben/Zeit-zu-Leben-und-Zeit-zu-Sterben-Erich-Maria-Remarque_102.txt	0.3736212945975615	0.5716097635415914	0.05021946364710836	2.657452099845707E-4	2.5525210963931697E-4	0.0037588945940306645	2.6958630008418124E-4
6	file:/C:/mallet/mydata/zeit_zu_leben_und_zeit_zu_sterben/Zeit-zu-Leben-und-Zeit-zu-Sterben-Erich-Maria-Remarque_103.txt	0.2325080233116034	0.6693479950801661	0.08982782690072305	0.007589042853036008	2.613220505136951E-4	1.8979269338365427E-4	2.7599711057411453E-4
7	file:/C:/mallet/mydata/zeit_zu_leben_und_zeit_zu_sterben/Zeit-zu-Leben-und-Zeit-zu-Sterben-Erich-Maria-Remarque_104.txt	0.3320298453843591	0.6632027334395818	0.0031918084445308375	4.2902185678553794E-4	4.120816854318601E-4	2.992862363449492E-4	4.3522295296601526E-4
8	file:/C:/mallet/mydata/zeit_zu_leben_und_zeit_zu_sterben/Zeit-zu-Leben-und-Zeit-zu-Sterben-Erich-Maria-Remarque_11.txt	0.17519998729582958	0.6645437915281	0.030240957482846036	2.629264982795889E-4	0.12576658567401494	1.834178862005884E-4	0.0038023336347293318
9	file:/C:/mallet/mydata/zeit_zu_leben_und_zeit_zu_sterben/Zeit-zu-Leben-und-Zeit-zu-Sterben-Erich-Maria-Remarque_12.txt	0.24305184363207863	0.6583414745061053	0.09596208979799306	2.5438224031122577E-4	0.0019546933337318572	1.774574001105055E-4	2.5805908966942465E-4
10	file:/C:/mallet/mydata/zeit_zu_leben_und_zeit_zu_sterben/Zeit-zu-Leben-und-Zeit-zu-Sterben-Erich-Maria-Remarque_13.txt	0.07729615243390878	0.521658013487955	0.3659962677248125	2.666982589788725E-4	0.03432626589822147	1.8604907164307435E-4	2.705531244803301E-4
11	file:/C:/mallet/mydata/zeit_zu_leben_und_zeit_zu_sterben/Zeit-zu-Leben-und-Zeit-zu-Sterben-Erich-Maria-Remarque_14.txt	1.7741497149916587E-4	0.5670568265075552	0.41177399955288435	0.0019220027564515985	0.018643712639511176	1.7359752480690607E-4	2.52446047291569E-4
12	file:/C:/mallet/mydata/zeit_zu_leben_und_zeit_zu_sterben/Zeit-zu-Leben-und-Zeit-zu-Sterben-Erich-Maria-Remarque_15.txt	1.881163903264538E-4	0.6083571913396951	0.3745189677334113	0.014456466030118943	0.0020275165918412783	1.840686806774688E-4	2.6767323392938396E-4
13	file:/C:/mallet/mydata/zeit_zu_leben_und_zeit_zu_sterben/Zeit-zu-Leben-und-Zeit-zu-Sterben-Erich-Maria-Remarque_16.txt	0.003769706775873458	0.5422037106824286	0.4405191940047641	2.662208815250807E-4	2.5570899901925203E-4	1.8571605247586507E-4	0.012799742603913668
14	file:/C:/mallet/mydata/zeit_zu_leben_und_zeit_zu_sterben/Zeit-zu-Leben-und-Zeit-zu-Sterben-Erich-Maria-Remarque_17.txt	0.01712711231898799	0.5998320953434815	0.340634668279632	0.009684003556620217	0.02660063156295523	1.9514727469515145E-4	0.005926341663627913
15	file:/C:/mallet/mydata/zeit_zu_leben_und_zeit_zu_sterben/Zeit-zu-Leben-und-Zeit-zu-Sterben-Erich-Maria-Remarque_18.txt	1.881163903264538E-4	0.6456127837401607	0.35323005779028815	2.6385940137017806E-4	2.5344076324768246E-4	1.840686806774688E-4	2.6767323392938396E-4
16	file:/C:/mallet/mydata/zeit_zu_leben_und_zeit_zu_sterben/Zeit-zu-Leben-und-Zeit-zu-Sterben-Erich-Maria-Remarque_19.txt	1.8167044733859023E-4	0.6406232573056786	0.010462207869813028	2.5481806980362824E-4	0.34804178365334754	1.7776143536280374E-4	2.585012186557991E-4
17	file:/C:/mallet/mydata/zeit_zu_leben_und_zeit_zu_sterben/Zeit-zu-Leben-und-Zeit-zu-Sterben-Erich-Maria-Remarque_2.txt	0.44015217273238105	0.5587389960545587	1.8094274634628554E-4	2.5265372950711323E-4	2.4267755369391736E-4	1.762515886002937E-4	2.5630559491268646E-4
18	file:/C:/mallet/mydata/zeit_zu_leben_und_zeit_zu_sterben/Zeit-zu-Leben-und-Zeit-zu-Sterben-Erich-Maria-Remarque_20.txt	0.0294618789727836	0.550447099746623	1.9484426466746568E-4	2.7206467866412384E-4	0.4173290779897111	1.8979269338365427E-4	0.0021052416541670854
19	file:/C:/mallet/mydata/zeit_zu_leben_und_zeit_zu_sterben/Zeit-zu-Leben-und-Zeit-zu-Sterben-Erich-Maria-Remarque_21.txt	1.9721303307821368E-4	0.6210364169793796	0.0020579695748006977	2.766187080249167E-4	0.3759581951501714	1.9296959051847185E-4	2.8061696402668343E-4
20	file:/C:/mallet/mydata/zeit_zu_leben_und_zeit_zu_sterben/Zeit-zu-Leben-und-Zeit-zu-Sterben-Erich-Maria-Remarque_22.txt	1.8712049249812741E-4	0.7321937493009875	0.01254075395492644	2.6246251615272287E-4	0.25083719580556574	1.8309421163183447E-4	0.003795623718237689
21	file:/C:/mallet/mydata/zeit_zu_leben_und_zeit_zu_sterben/Zeit-zu-Leben-und-Zeit-zu-Sterben-Erich-Maria-Remarque_23.txt	1.881163903264538E-4	0.6278720254542247	1.8896790016259272E-4	0.005586086887150966	0.3657130614535284	1.840686806774688E-4	2.6767323392938396E-4
22	file:/C:/mallet/mydata/zeit_zu_leben_und_zeit_zu_sterben/Zeit-zu-Leben-und-Zeit-zu-Sterben-Erich-Maria-Remarque_24.txt	1.9467850448021053E-4	0.6699698278404713	1.9555971776078667E-4	0.24812785109918853	0.08104458268995116	1.9048959749732068E-4	2.770105506507055E-4
23	file:/C:/mallet/mydata/zeit_zu_leben_und_zeit_zu_sterben/Zeit-zu-Leben-und-Zeit-zu-Sterben-Erich-Maria-Remarque_25.txt	1.7652889165623148E-4	0.7223804565802195	1.7732795061833006E-4	0.013565983916309424	0.24163342332816656	1.7273051078765562E-4	0.021893548822242204
24	file:/C:/mallet/mydata/zeit_zu_leben_und_zeit_zu_sterben/Zeit-zu-Leben-und-Zeit-zu-Sterben-Erich-Maria-Remarque_26.txt	0.022515579303695795	0.7995833471443202	1.981057189158989E-4	0.0021364825639097152	0.1732330348587284	0.0020528334464032703	2.8061696402668343E-4
25	file:/C:/mallet/mydata/zeit_zu_leben_und_zeit_zu_sterben/Zeit-zu-Leben-und-Zeit-zu-Sterben-Erich-Maria-Remarque_27.txt	1.9758050591980135E-4	0.8457931397757796	1.9847485512524833E-4	0.0021404635346726924	2.661913410962145E-4	0.002056658551306742	0.14934749143609963
26	file:/C:/mallet/mydata/zeit_zu_leben_und_zeit_zu_sterben/Zeit-zu-Leben-und-Zeit-zu-Sterben-Erich-Maria-Remarque_28.txt	1.9575670976208E-4	0.6349116585565111	1.966428035445693E-4	0.0021207056686215584	0.3030289979045981	1.915446029829606E-4	0.059354693753979684
27	file:/C:/mallet/mydata/zeit_zu_leben_und_zeit_zu_sterben/Zeit-zu-Leben-und-Zeit-zu-Sterben-Erich-Maria-Remarque_29.txt	2.0522867850646226E-4	0.6404718237203784	2.0615764720558933E-4	0.1086734696622607	0.10866210327717322	0.006007184614516358	0.1357740323999593
28	file:/C:/mallet/mydata/zeit_zu_leben_und_zeit_zu_sterben/Zeit-zu-Leben-und-Zeit-zu-Sterben-Erich-Maria-Remarque_3.txt	0.3632211770439083	0.6265693093201034	1.9238088290504608E-4	2.6862501279167157E-4	0.009288606834886476	1.8739317774833545E-4	2.7250772765679274E-4
29	file:/C:/mallet/mydata/zeit_zu_leben_und_zeit_zu_sterben/Zeit-zu-Leben-und-Zeit-zu-Sterben-Erich-Maria-Remarque_30.txt	0.0056200175870390464	0.631321786242671	1.9272897412164E-4	0.3205303782221085	0.03825558455016401	0.0019971179344693865	0.002082386489426475
30	file:/C:/mallet/mydata/zeit_zu_leben_und_zeit_zu_sterben/Zeit-zu-Leben-und-Zeit-zu-Sterben-Erich-Maria-Remarque_31.txt	1.8912294566606958E-4	0.6116123312999824	1.8997901168027898E-4	0.36768035860218523	0.018090480702811128	1.8505357791619644E-4	0.0020526738597587313
31	file:/C:/mallet/mydata/zeit_zu_leben_und_zeit_zu_sterben/Zeit-zu-Leben-und-Zeit-zu-Sterben-Erich-Maria-Remarque_32.txt	1.8229509455003072E-4	0.728784783034855	1.8312025426003712E-4	0.1291939490268464	0.14121808991026333	1.7837264200938664E-4	2.5939003721574006E-4
32	file:/C:/mallet/mydata/zeit_zu_leben_und_zeit_zu_sterben/Zeit-zu-Leben-und-Zeit-zu-Sterben-Erich-Maria-Remarque_33.txt	1.8419507790105175E-4	0.6703709844527229	1.8502883789574937E-4	0.1079582473683313	0.21217374412078374	0.008865706594375631	2.6209354798956055E-4
33	file:/C:/mallet/mydata/zeit_zu_leben_und_zeit_zu_sterben/Zeit-zu-Leben-und-Zeit-zu-Sterben-Erich-Maria-Remarque_34.txt	1.8946086206990468E-4	0.7109766679978993	0.02877840142306099	0.23075716411849376	0.0288433350750358	1.8538422335610344E-4	2.6958630008418124E-4
34	file:/C:/mallet/mydata/zeit_zu_leben_und_zeit_zu_sterben/Zeit-zu-Leben-und-Zeit-zu-Sterben-Erich-Maria-Remarque_35.txt	1.9721303307821368E-4	0.6396350555382275	1.981057189158989E-4	2.766187080249167E-4	2.656962614421602E-4	0.11364466479949119	0.24578264594082008
35	file:/C:/mallet/mydata/zeit_zu_leben_und_zeit_zu_sterben/Zeit-zu-Leben-und-Zeit-zu-Sterben-Erich-Maria-Remarque_36.txt	0.001983303402684874	0.7619418651590026	1.910010017249774E-4	2.666982589788725E-4	2.561675269535154E-4	0.046808288948115014	0.18855267570254008
36	file:/C:/mallet/mydata/zeit_zu_leben_und_zeit_zu_sterben/Zeit-zu-Leben-und-Zeit-zu-Sterben-Erich-Maria-Remarque_37.txt	1.9014033051287593E-4	0.559314438003567	1.910010017249774E-4	0.22979157149699458	2.561675269535154E-4	1.8604907164307435E-4	0.21007063256860406
37	file:/C:/mallet/mydata/zeit_zu_leben_und_zeit_zu_sterben/Zeit-zu-Leben-und-Zeit-zu-Sterben-Erich-Maria-Remarque_38.txt	0.026138080473196778	0.6354116334211254	0.0020503428576544515	0.002128564882131352	2.647116063444138E-4	1.9225445628969986E-4	0.3338144123032579
38	file:/C:/mallet/mydata/zeit_zu_leben_und_zeit_zu_sterben/Zeit-zu-Leben-und-Zeit-zu-Sterben-Erich-Maria-Remarque_39.txt	0.0020920960127778685	0.603235888776072	2.0147821740458896E-4	0.3937186688258902	2.702194031518888E-4	1.9625465293841623E-4	2.853941117650713E-4
39	file:/C:/mallet/mydata/zeit_zu_leben_und_zeit_zu_sterben/Zeit-zu-Leben-und-Zeit-zu-Sterben-Erich-Maria-Remarque_4.txt	0.3838365837318704	0.6133700866592787	1.8002530117290118E-4	2.513726837102828E-4	0.0019315676618368593	1.7535792929353596E-4	2.550060328373213E-4
40	file:/C:/mallet/mydata/zeit_zu_leben_und_zeit_zu_sterben/Zeit-zu-Leben-und-Zeit-zu-Sterben-Erich-Maria-Remarque_40.txt	1.9611877044040565E-4	0.6064932492248565	1.970065030924711E-4	0.005823716317223322	0.29619128679678586	0.05012959105586278	0.04096903133173871
41	file:/C:/mallet/mydata/zeit_zu_leben_und_zeit_zu_sterben/Zeit-zu-Leben-und-Zeit-zu-Sterben-Erich-Maria-Remarque_41.txt	1.9758050591980135E-4	0.6631868590777416	1.9847485512524833E-4	2.771341397947527E-4	0.10461263745426085	0.002056658551306742	0.22947065541585104
42	file:/C:/mallet/mydata/zeit_zu_leben_und_zeit_zu_sterben/Zeit-zu-Leben-und-Zeit-zu-Sterben-Erich-Maria-Remarque_42.txt	1.929076495002629E-4	0.6147555332450665	0.0020130417712322826	0.016643928126870766	2.598958115282728E-4	1.887568460913192E-4	0.3659459365497106
43	file:/C:/mallet/mydata/zeit_zu_leben_und_zeit_zu_sterben/Zeit-zu-Leben-und-Zeit-zu-Sterben-Erich-Maria-Remarque_43.txt	2.024853660700025E-4	0.6777406322306649	2.03401917150871E-4	0.046114073837758375	2.7279943886979435E-4	1.981284784612328E-4	0.27526847873102483
44	file:/C:/mallet/mydata/zeit_zu_leben_und_zeit_zu_sterben/Zeit-zu-Leben-und-Zeit-zu-Sterben-Erich-Maria-Remarque_44.txt	1.8712049249812741E-4	0.6651357656581159	1.8796749439747712E-4	0.2896706024485456	0.04436919353672449	1.8309421163183447E-4	2.662561580865573E-4
45	file:/C:/mallet/mydata/zeit_zu_leben_und_zeit_zu_sterben/Zeit-zu-Leben-und-Zeit-zu-Sterben-Erich-Maria-Remarque_45.txt	0.058068993409486805	0.5468160055371385	0.0020656532424093944	0.3792396496869815	2.6668826918746063E-4	1.9369006482007753E-4	0.013349319789976322
46	file:/C:/mallet/mydata/zeit_zu_leben_und_zeit_zu_sterben/Zeit-zu-Leben-und-Zeit-zu-Sterben-Erich-Maria-Remarque_46.txt	0.03235105419814095	0.8074614480061124	0.034138666979072835	0.10925781151555868	0.014549293592337559	1.8538422335610344E-4	0.002056341485421462
47	file:/C:/mallet/mydata/zeit_zu_leben_und_zeit_zu_sterben/Zeit-zu-Leben-und-Zeit-zu-Sterben-Erich-Maria-Remarque_47.txt	1.8946086206990468E-4	0.7199104439245857	1.9031845766450395E-4	2.657452099845707E-4	0.12711487026858623	0.09667016423156924	0.05565899704553987
48	file:/C:/mallet/mydata/zeit_zu_leben_und_zeit_zu_sterben/Zeit-zu-Leben-und-Zeit-zu-Sterben-Erich-Maria-Remarque_48.txt	0.0020920960127778685	0.7621240457326605	2.0147821740458896E-4	2.8132779052825153E-4	2.702194031518888E-4	0.23474543873171186	2.853941117650713E-4
49	file:/C:/mallet/mydata/zeit_zu_leben_und_zeit_zu_sterben/Zeit-zu-Leben-und-Zeit-zu-Sterben-Erich-Maria-Remarque_49.txt	1.8912294566606958E-4	0.6829550667110418	1.8997901168027898E-4	0.005615976391058956	2.5479685004628917E-4	1.8505357791619644E-4	0.31061000451259047
50	file:/C:/mallet/mydata/zeit_zu_leben_und_zeit_zu_sterben/Zeit-zu-Leben-und-Zeit-zu-Sterben-Erich-Maria-Remarque_5.txt	0.22194759496452593	0.7307684235126533	0.04631493944359608	2.6385940137017806E-4	2.5344076324768246E-4	1.840686806774688E-4	2.6767323392938396E-4
51	file:/C:/mallet/mydata/zeit_zu_leben_und_zeit_zu_sterben/Zeit-zu-Leben-und-Zeit-zu-Sterben-Erich-Maria-Remarque_50.txt	1.8979998818296755E-4	0.5565233378331905	0.03419977360189338	0.007426034456906062	0.0020456623928644976	1.8571605247586507E-4	0.3994296756744867
52	file:/C:/mallet/mydata/zeit_zu_leben_und_zeit_zu_sterben/Zeit-zu-Leben-und-Zeit-zu-Sterben-Erich-Maria-Remarque_51.txt	1.9869118730925093E-4	0.5113891787699462	0.07702555197055105	2.7869202492121394E-4	0.08084125699226534	1.9441593923201391E-4	0.33007221311577495
53	file:/C:/mallet/mydata/zeit_zu_leben_und_zeit_zu_sterben/Zeit-zu-Leben-und-Zeit-zu-Sterben-Erich-Maria-Remarque_52.txt	1.881163903264538E-4	0.6722239211690646	1.8896790016259272E-4	2.6385940137017806E-4	2.5344076324768246E-4	1.840686806774688E-4	0.32669762569515104
54	file:/C:/mallet/mydata/zeit_zu_leben_und_zeit_zu_sterben/Zeit-zu-Leben-und-Zeit-zu-Sterben-Erich-Maria-Remarque_53.txt	0.002023210818889031	0.5669103006389598	1.9484426466746568E-4	0.41185208698708264	2.613220505136951E-4	1.8979269338365427E-4	0.018568442546503826
55	file:/C:/mallet/mydata/zeit_zu_leben_und_zeit_zu_sterben/Zeit-zu-Leben-und-Zeit-zu-Sterben-Erich-Maria-Remarque_54.txt	1.964821728948281E-4	0.694706715250387	1.9737155049002624E-4	0.2356029495848489	2.647116063444138E-4	1.9225445628969986E-4	0.06883951537874512
56	file:/C:/mallet/mydata/zeit_zu_leben_und_zeit_zu_sterben/Zeit-zu-Leben-und-Zeit-zu-Sterben-Erich-Maria-Remarque_55.txt	0.005766080476065053	0.5920373502720029	0.0020541491370660715	0.23604032553539975	2.6520301993091915E-4	1.9261135961249574E-4	0.16364428019992283
57	file:/C:/mallet/mydata/zeit_zu_leben_und_zeit_zu_sterben/Zeit-zu-Leben-und-Zeit-zu-Sterben-Erich-Maria-Remarque_56.txt	1.9361211139771222E-4	0.6699517340697414	1.9448849764435813E-4	0.003923376949971871	0.002086749419117899	1.8944615004737542E-4	0.32346059280207945
58	file:/C:/mallet/mydata/zeit_zu_leben_und_zeit_zu_sterben/Zeit-zu-Leben-und-Zeit-zu-Sterben-Erich-Maria-Remarque_57.txt	1.9981442648615535E-4	0.687644674846884	0.020929084873094174	2.8026752409116506E-4	0.028535154618594596	1.9551500961614816E-4	0.26221548870123385
59	file:/C:/mallet/mydata/zeit_zu_leben_und_zeit_zu_sterben/Zeit-zu-Leben-und-Zeit-zu-Sterben-Erich-Maria-Remarque_58.txt	1.9906419458072118E-4	0.6756762060015021	0.0058319302681491495	0.0021565368889781794	0.31002626571230013	1.947809204876264E-4	0.005915216014002045
60	file:/C:/mallet/mydata/zeit_zu_leben_und_zeit_zu_sterben/Zeit-zu-Leben-und-Zeit-zu-Sterben-Erich-Maria-Remarque_59.txt	1.929076495002629E-4	0.7202726668507475	0.012928607316647562	0.2313167171867046	0.03118733152353823	0.0038272786945630793	2.7449077829870604E-4
61	file:/C:/mallet/mydata/zeit_zu_leben_und_zeit_zu_sterben/Zeit-zu-Leben-und-Zeit-zu-Sterben-Erich-Maria-Remarque_6.txt	0.2806466424954318	0.7163629136814503	1.9272897412164E-4	0.0020784967492326377	2.584850562413166E-4	1.8773224428259193E-4	2.7300079923968027E-4
62	file:/C:/mallet/mydata/zeit_zu_leben_und_zeit_zu_sterben/Zeit-zu-Leben-und-Zeit-zu-Sterben-Erich-Maria-Remarque_60.txt	0.005919938229582125	0.7431570142188357	2.0301424402694018E-4	0.1165461946311579	2.722794977986648E-4	1.9775085622806695E-4	0.1337038083223706
63	file:/C:/mallet/mydata/zeit_zu_leben_und_zeit_zu_sterben/Zeit-zu-Leben-und-Zeit-zu-Sterben-Erich-Maria-Remarque_61.txt	1.908246900879246E-4	0.7754819748729892	1.9168845905726347E-4	0.13703855670273687	2.5708953387027156E-4	1.867187058193925E-4	0.0866531470354391
64	file:/C:/mallet/mydata/zeit_zu_leben_und_zeit_zu_sterben/Zeit-zu-Leben-und-Zeit-zu-Sterben-Erich-Maria-Remarque_62.txt	1.8979998818296755E-4	0.5797927319531787	1.9065911883371195E-4	0.38152629377056235	2.5570899901925203E-4	0.03598478392938077	0.0020600222408421968
65	file:/C:/mallet/mydata/zeit_zu_leben_und_zeit_zu_sterben/Zeit-zu-Leben-und-Zeit-zu-Sterben-Erich-Maria-Remarque_63.txt	1.9151399379881275E-4	0.711456842471124	1.9238088290504608E-4	0.12308463042277898	2.580182017991734E-4	0.1555135176668499	0.009303096360744095
66	file:/C:/mallet/mydata/zeit_zu_leben_und_zeit_zu_sterben/Zeit-zu-Leben-und-Zeit-zu-Sterben-Erich-Maria-Remarque_64.txt	0.001941525735650787	0.8090858610971636	1.8697762524993032E-4	0.00201647099525334	0.007272334045338308	0.17923197649397019	2.648540073738553E-4
67	file:/C:/mallet/mydata/zeit_zu_leben_und_zeit_zu_sterben/Zeit-zu-Leben-und-Zeit-zu-Sterben-Erich-Maria-Remarque_65.txt	2.06026188280011E-4	0.6585044966402983	2.0695876691134767E-4	0.3383672197590394	2.7756982959370517E-4	2.015931126251071E-4	0.0022361357032521217
68	file:/C:/mallet/mydata/zeit_zu_leben_und_zeit_zu_sterben/Zeit-zu-Leben-und-Zeit-zu-Sterben-Erich-Maria-Remarque_66.txt	0.02230812889061542	0.5950444066418489	0.005724463671188449	0.36697689075380985	2.6324823208228313E-4	0.009404830349751309	2.7803146070387347E-4
69	file:/C:/mallet/mydata/zeit_zu_leben_und_zeit_zu_sterben/Zeit-zu-Leben-und-Zeit-zu-Sterben-Erich-Maria-Remarque_67.txt	1.8878623251018895E-4	0.7191273899241928	1.896407743905167E-4	0.27978648938654016	2.5434321153518534E-4	1.8472410983389837E-4	2.6862636099732074E-4
70	file:/C:/mallet/mydata/zeit_zu_leben_und_zeit_zu_sterben/Zeit-zu-Leben-und-Zeit-zu-Sterben-Erich-Maria-Remarque_68.txt	1.9432173727366937E-4	0.8043542073072859	0.003860394958266931	2.72563263526714E-4	2.618009484701916E-4	0.1907802088831777	2.765029019988836E-4
71	file:/C:/mallet/mydata/zeit_zu_leben_und_zeit_zu_sterben/Zeit-zu-Leben-und-Zeit-zu-Sterben-Erich-Maria-Remarque_69.txt	1.9151399379881275E-4	0.6518549574927478	0.009222969515992349	0.32898205125716945	2.580182017991734E-4	0.005605746357600716	0.003884743180891713
72	file:/C:/mallet/mydata/zeit_zu_leben_und_zeit_zu_sterben/Zeit-zu-Leben-und-Zeit-zu-Sterben-Erich-Maria-Remarque_7.txt	0.36950287526938386	0.6056592286238871	0.011109346392411682	0.0020898407329837288	0.009356200432707672	0.002008017770327199	2.7449077829870604E-4
73	file:/C:/mallet/mydata/zeit_zu_leben_und_zeit_zu_sterben/Zeit-zu-Leben-und-Zeit-zu-Sterben-Erich-Maria-Remarque_70.txt	1.84837237572441E-4	0.657019741096005	0.0089014289438385	0.06649899823400053	0.010707928955467337	0.24945145421623618	0.007235611316880016
74	file:/C:/mallet/mydata/zeit_zu_leben_und_zeit_zu_sterben/Zeit-zu-Leben-und-Zeit-zu-Sterben-Erich-Maria-Remarque_71.txt	0.04023832692586016	0.5561928760804944	2.131715836070963E-4	2.976554557218696E-4	2.859023612243878E-4	2.07644854595534E-4	0.4025644227384966
75	file:/C:/mallet/mydata/zeit_zu_leben_und_zeit_zu_sterben/Zeit-zu-Leben-und-Zeit-zu-Sterben-Erich-Maria-Remarque_72.txt	0.02218548347300167	0.6614116560250539	1.9520133564559743E-4	0.027761515433186716	0.003926994571091525	0.2842426462600217	2.765029019988836E-4
76	file:/C:/mallet/mydata/zeit_zu_leben_und_zeit_zu_sterben/Zeit-zu-Leben-und-Zeit-zu-Sterben-Erich-Maria-Remarque_73.txt	1.8912294566606958E-4	0.5634559848975174	0.03942848348776293	2.6527123522950355E-4	0.3962069783814257	1.8505357791619644E-4	2.6910547448224744E-4
77	file:/C:/mallet/mydata/zeit_zu_leben_und_zeit_zu_sterben/Zeit-zu-Leben-und-Zeit-zu-Sterben-Erich-Maria-Remarque_74.txt	0.02069420384957714	0.6091503066262813	0.10268159157341193	0.018910428088574148	0.24808900085986219	1.9332915642880248E-4	2.8113984586445576E-4
78	file:/C:/mallet/mydata/zeit_zu_leben_und_zeit_zu_sterben/Zeit-zu-Leben-und-Zeit-zu-Sterben-Erich-Maria-Remarque_75.txt	1.8419507790105175E-4	0.6095726604953681	1.8502883789574937E-4	2.583592153026245E-4	0.15137542016342884	0.18257520361538962	0.05584913259471404
79	file:/C:/mallet/mydata/zeit_zu_leben_und_zeit_zu_sterben/Zeit-zu-Leben-und-Zeit-zu-Sterben-Erich-Maria-Remarque_76.txt	1.9721303307821368E-4	0.6693928772323843	1.981057189158989E-4	0.0021364825639097152	2.656962614421602E-4	0.2029181298819615	0.12489149530830819
80	file:/C:/mallet/mydata/zeit_zu_leben_und_zeit_zu_sterben/Zeit-zu-Leben-und-Zeit-zu-Sterben-Erich-Maria-Remarque_77.txt	0.0056200175870390464	0.622274857791737	0.011049043115242409	2.691110590458431E-4	0.07082452697352631	0.19198261540408282	0.09797982806932659
81	file:/C:/mallet/mydata/zeit_zu_leben_und_zeit_zu_sterben/Zeit-zu-Leben-und-Zeit-zu-Sterben-Erich-Maria-Remarque_78.txt	1.9758050591980135E-4	0.7582166582165165	1.9847485512524833E-4	2.771341397947527E-4	2.661913410962145E-4	0.1977062450134904	0.04313771592805707
82	file:/C:/mallet/mydata/zeit_zu_leben_und_zeit_zu_sterben/Zeit-zu-Leben-und-Zeit-zu-Sterben-Erich-Maria-Remarque_79.txt	0.002084211334263365	0.7573673604346407	2.0071888754486563E-4	0.017239839694086052	2.692010019364472E-4	0.1829820150640055	0.03985665358352306
83	file:/C:/mallet/mydata/zeit_zu_leben_und_zeit_zu_sterben/Zeit-zu-Leben-und-Zeit-zu-Sterben-Erich-Maria-Remarque_8.txt	0.4388328396148924	0.5288793553163307	0.031390405462320435	2.4435195129905783E-4	2.3470357590712348E-4	1.7046025672392867E-4	2.4788382252642567E-4
84	file:/C:/mallet/mydata/zeit_zu_leben_und_zeit_zu_sterben/Zeit-zu-Leben-und-Zeit-zu-Sterben-Erich-Maria-Remarque_80.txt	1.929076495002629E-4	0.6602370563509635	0.0056515636197040425	2.705798087478486E-4	0.07303033278096348	0.2567045471633504	0.003913012626770466
85	file:/C:/mallet/mydata/zeit_zu_leben_und_zeit_zu_sterben/Zeit-zu-Leben-und-Zeit-zu-Sterben-Erich-Maria-Remarque_81.txt	1.9255733746054602E-4	0.7371242547401511	1.9342894926738452E-4	0.04022114738018051	0.003891338300287337	1.884140717330391E-4	0.21818885922092007
86	file:/C:/mallet/mydata/zeit_zu_leben_und_zeit_zu_sterben/Zeit-zu-Leben-und-Zeit-zu-Sterben-Erich-Maria-Remarque_82.txt	1.911687205837916E-4	0.6687083687202393	1.920340468089903E-4	0.018296756183284045	2.575530307048733E-4	0.31208210286442545	2.7201643395349806E-4
87	file:/C:/mallet/mydata/zeit_zu_leben_und_zeit_zu_sterben/Zeit-zu-Leben-und-Zeit-zu-Sterben-Erich-Maria-Remarque_83.txt	1.826090317482278E-4	0.6404887063186682	1.834356124966229E-4	2.5613456498000585E-4	0.12423991297067323	0.22922295259125858	0.005426248910175113
88	file:/C:/mallet/mydata/zeit_zu_leben_und_zeit_zu_sterben/Zeit-zu-Leben-und-Zeit-zu-Sterben-Erich-Maria-Remarque_84.txt	1.84837237572441E-4	0.7755540096336431	0.001928824912212731	0.008975014973087949	0.18502302974611154	0.028071276212118072	2.630072852542481E-4
89	file:/C:/mallet/mydata/zeit_zu_leben_und_zeit_zu_sterben/Zeit-zu-Leben-und-Zeit-zu-Sterben-Erich-Maria-Remarque_85.txt	1.983195753083047E-4	0.7442201482194907	1.9921726991524916E-4	2.781707874046877E-4	2.671870560872912E-4	0.13485560641864835	0.11998135067314546
90	file:/C:/mallet/mydata/zeit_zu_leben_und_zeit_zu_sterben/Zeit-zu-Leben-und-Zeit-zu-Sterben-Erich-Maria-Remarque_86.txt	1.9611877044040565E-4	0.7082181777451284	1.970065030924711E-4	2.7508385248121466E-4	2.642220105401616E-4	0.16295178450561895	0.1278976066126984
91	file:/C:/mallet/mydata/zeit_zu_leben_und_zeit_zu_sterben/Zeit-zu-Leben-und-Zeit-zu-Sterben-Erich-Maria-Remarque_87.txt	0.025523260179093787	0.5191398734510897	1.9272897412164E-4	0.011125425200166612	2.584850562413166E-4	0.36025548459145473	0.08350474254783223
92	file:/C:/mallet/mydata/zeit_zu_leben_und_zeit_zu_sterben/Zeit-zu-Leben-und-Zeit-zu-Sterben-Erich-Maria-Remarque_88.txt	1.9255733746054602E-4	0.72986042584328	1.9342894926738452E-4	2.7008844738942545E-4	0.0020753810760695606	0.2671341260317462	2.7399231478687335E-4
93	file:/C:/mallet/mydata/zeit_zu_leben_und_zeit_zu_sterben/Zeit-zu-Leben-und-Zeit-zu-Sterben-Erich-Maria-Remarque_89.txt	1.8979998818296755E-4	0.6370712405562267	0.0019806125126789575	0.0020561742753703264	2.5570899901925203E-4	0.3581763948215249	2.700688469969511E-4
94	file:/C:/mallet/mydata/zeit_zu_leben_und_zeit_zu_sterben/Zeit-zu-Leben-und-Zeit-zu-Sterben-Erich-Maria-Remarque_9.txt	1.9503658411795636E-4	0.6491300689234385	0.3110440992962429	2.735659356494227E-4	0.03521019253650894	0.0038695166572645266	2.77520066777787E-4
95	file:/C:/mallet/mydata/zeit_zu_leben_und_zeit_zu_sterben/Zeit-zu-Leben-und-Zeit-zu-Sterben-Erich-Maria-Remarque_90.txt	1.9186051647866287E-4	0.6367499433132313	1.9272897412164E-4	2.691110590458431E-4	2.584850562413166E-4	0.3620648702816415	2.7300079923968027E-4
96	file:/C:/mallet/mydata/zeit_zu_leben_und_zeit_zu_sterben/Zeit-zu-Leben-und-Zeit-zu-Sterben-Erich-Maria-Remarque_91.txt	2.028727690352938E-4	0.6159004145052024	2.0379107369773448E-4	0.011763993230487567	2.7332136948433287E-4	0.002111746871592048	0.36954386018050067
97	file:/C:/mallet/mydata/zeit_zu_leben_und_zeit_zu_sterben/Zeit-zu-Leben-und-Zeit-zu-Sterben-Erich-Maria-Remarque_92.txt	1.95395983442267E-4	0.7240353486003589	1.962804443951611E-4	0.0389713526307414	2.6324823208228313E-4	1.9119163842916287E-4	0.23614718247055083
98	file:/C:/mallet/mydata/zeit_zu_leben_und_zeit_zu_sterben/Zeit-zu-Leben-und-Zeit-zu-Sterben-Erich-Maria-Remarque_93.txt	2.0095043763604888E-4	0.7654634652107739	2.0186004085523981E-4	2.8186093772960766E-4	2.7073149873360164E-4	1.9662657715809875E-4	0.23338450529711346
99	file:/C:/mallet/mydata/zeit_zu_leben_und_zeit_zu_sterben/Zeit-zu-Leben-und-Zeit-zu-Sterben-Erich-Maria-Remarque_94.txt	2.0133198395818515E-4	0.6966646394316492	2.02243314248822E-4	0.0021811046996747974	0.00976478848976333	0.20525752765117025	0.08572836442953535
100	file:/C:/mallet/mydata/zeit_zu_leben_und_zeit_zu_sterben/Zeit-zu-Leben-und-Zeit-zu-Sterben-Erich-Maria-Remarque_95.txt	0.020776697048834954	0.6159793182289068	0.32969824300101336	2.552553952600479E-4	0.007110081429168485	0.020772781328110265	0.0054076235687060565
101	file:/C:/mallet/mydata/zeit_zu_leben_und_zeit_zu_sterben/Zeit-zu-Leben-und-Zeit-zu-Sterben-Erich-Maria-Remarque_96.txt	0.16606739581960134	0.693370706139325	0.13783330234029165	2.6246251615272287E-4	2.52099034835343E-4	0.0019477779917074004	2.662561580865573E-4
102	file:/C:/mallet/mydata/zeit_zu_leben_und_zeit_zu_sterben/Zeit-zu-Leben-und-Zeit-zu-Sterben-Erich-Maria-Remarque_97.txt	0.21604482241926665	0.6656895059929802	0.05873066965964254	0.020393754658186804	0.03867545746596609	1.8979269338365427E-4	2.7599711057411453E-4
103	file:/C:/mallet/mydata/zeit_zu_leben_und_zeit_zu_sterben/Zeit-zu-Leben-und-Zeit-zu-Sterben-Erich-Maria-Remarque_98.txt	0.0018536700295318804	0.42722674145698647	0.563300309989298	2.49266233763437E-4	0.005267296969266849	1.738884669184392E-4	0.0019288268542348508
104	file:/C:/mallet/mydata/zeit_zu_leben_und_zeit_zu_sterben/Zeit-zu-Leben-und-Zeit-zu-Sterben-Erich-Maria-Remarque_99.txt	0.03149309794856718	0.4762279252025098	0.4814886246294812	2.451574977583967E-4	0.008477139137703227	1.7102220703998688E-4	0.0018970333769401902
